21
40
46
67
68
74
80
101
116
152
165
166
176
189
192
204
211
217
217
226
286
291
298
299
300
301
306
323
347
367
394
394
397
399
420
432
446
454
475
490
503
505
516
540
544
552
553
558
562
565
565
565
572
578
583
585
597
597
599
603
628
632
636
640
670
678
723
728
738
743
743
800
805
811
813
836
858
860
861
861
869
877
883
892
893
914
928
931
935
948
949
999
1000
1017
1022
1027
1045
1046
1055
1057
1068
1076
1093
1107
1122
1128
1133
1136
1145
1147
1158
1172
1174
1190
1201
1204
1208
1228
1258
1265
1265
1279
1287
1291
1296
1305
1315
1316
1323
1332
1347
1359
1362
1373
1402
1402
1415
1418
1431
1436
1449
1453
1491
1504
1515
1521
1539
1549
1565
1575
1576
1583
1595
1607
1609
1612
1617
1627
1628
1631
1655
1689
1689
1692
1693
1699
1713
1733
1759
1762
1772
1780
1784
1797
1812
1834
1835
1841
1873
1874
1879
1905
1910
1916
1917
1923
1952
1970
1985
1989
2014
2021
2035
2045
2045
2053
2056
2080
2099
2108
2113
2125
2126
2138
2140
2151
2158
2170
2184
2188
2190
2199
2199
2254
2257
2261
2267
2275
2275
2277
2281
2285
2292
2299
2304
2315
2324
2335
2341
2374
2382
2384
2391
2407
2409
2420
2430
2439
2459
2460
2463
2470
2472
2483
2484
2502
2506
2508
2510
2512
2514
2516
2521
2551
2552
2554
2555
2560
2560
2603
2604
2623
2626
2640
2647
2650
2652
2659
2697
2700
2709
2710
2727
2727
2758
2770
2779
2794
2800
2813
2823
2827
2831
2838
2847
2851
2873
2891
2893
2899
2903
2905
2923
2925
2932
2948
2949
2956
2960
2965
2972
2976
2983
2998
3014
3025
3053
3056
3061
3065
3069
3074
3080
3081
3106
3108
3109
3114
3119
3144
3159
3192
3202
3205
3210
3217
3234
3255
3263
3264
3275
3278
3280
3287
3290
3299
3307
3326
3330
3346
3346
3349
3355
3365
3384
3387
3390
3399
3407
3414
3416
3419
3424
3436
3437
3452
3472
3475
3480
3483
3488
3488
3497
3499
3506
3513
3515
3530
3533
3537
3541
3558
3563
3566
3570
3584
3586
3589
3595
3603
3628
3629
3635
3649
3669
3699
3701
3708
3716
3717
3735
3751
3772
3779
3800
3805
3808
3812
3814
3817
3829
3836
3839
3839
3847
3849
3872
3874
3878
3885
3897
3907
3916
3921
3924
3925
3934
3948
3955
3955
3978
3981
3992
3994
3997
4010
4028
4028
4033
4037
4037
4064
4095
4097
4119
4128
4134
4180
4226
4230
4232
4242
4251
4254
4282
4287
4288
4296
4308
4326
4342
4363
4368
4380
4386
4408
4410
4430
4444
4448
4461
4471
4493
4496
4504
4504
4508
4509
4517
4522
4523
4526
4527
4533
4554
4555
4563
4566
4567
4573
4594
4597
4611
4615
4642
4662
4674
4686
4706
4717
4719
4721
4724
4726
4733
4736
4750
4752
4759
4767
4769
4796
4800
4812
4814
4820
4831
4836
4846
4849
4850
4853
4877
4879
4906
4910
4921
4924
4933
4934
4937
4939
4942
4952
4953
4961
4970
4977
4987
5004
5013
5041
5050
5052
5055
5071
5081
5083
5086
5098
5104
5109
5111
5112
5122
5146
5152
5163
5173
5200
5214
5229
5231
5237
5242
5242
5245
5267
5276
5278
5280
5301
5307
5308
5311
5314
5322
5325
5331
5333
5333
5358
5360
5360
5362
5363
5363
5392
5406
5409
5417
5417
5440
5444
5449
5452
5458
5460
5473
5476
5487
5487
5498
5499
5515
5518
5519
5520
5523
5533
5548
5557
5575
5581
5584
5585
5607
5628
5632
5640
5676
5694
5712
5748
5751
5766
5776
5790
5790
5790
5800
5829
5833
5848
5852
5866
5874
5876
5894
5907
5907
5914
5916
5957
5960
5966
5984
5985
5990
6008
6012
6029
6033
6041
6042
6050
6059
6062
6065
6088
6111
6128
6128
6143
6157
6162
6169
6178
6182
6183
6186
6190
6196
6200
6216
6252
6256
6258
6321
6335
6335
6351
6364
6365
6394
6396
6397
6398
6438
6440
6448
6449
6474
6494
6498
6506
6522
6523
6528
6545
6547
6548
6550
6551
6553
6554
6560
6564
6583
6585
6610
6611
6637
6664
6670
6688
6690
6692
6694
6706
6709
6709
6709
6718
6725
6726
6734
6752
6760
6761
6799
6806
6819
6822
6828
6829
6833
6845
6847
6854
6864
6864
6868
6869
6872
6896
6925
6925
6957
6964
6967
6979
6981
6991
7000
7029
7034
7035
7046
7048
7050
7052
7060
7068
7096
7100
7101
7105
7109
7121
7128
7134
7147
7175
7180
7196
7221
7234
7237
7240
7251
7253
7257
7263
7265
7266
7336
7346
7351
7367
7374
7393
7395
7397
7398
7401
7402
7407
7416
7418
7433
7448
7448
7449
7455
7461
7466
7466
7467
7473
7488
7498
7499
7499
7511
7520
7527
7529
7537
7539
7553
7583
7607
7611
7637
7640
7644
7657
7668
7677
7689
7697
7713
7721
7731
7732
7745
7752
7769
7769
7799
7819
7820
7845
7858
7861
7865
7870
7886
7902
7920
7940
7979
7994
8011
8021
8022
8029
8037
8039
8052
8054
8055
8055
8067
8068
8070
8085
8088
8092
8106
8111
8134
8144
8146
8170
8186
8191
8207
8222
8245
8246
8248
8265
8275
8279
8282
8349
8351
8355
8377
8380
8406
8407
8408
8410
8412
8419
8420
8425
8435
8451
8454
8476
8488
8496
8530
8536
8536
8542
8572
8579
8579
8580
8581
8593
8595
8600
8607
8609
8613
8624
8641
8650
8664
8682
8692
8698
8722
8732
8739
8741
8751
8757
8763
8766
8773
8782
8784
8797
8799
8802
8812
8818
8847
8849
8850
8858
8861
8862
8876
8879
8899
8900
8918
8932
8963
8989
8994
9017
9035
9048
9062
9063
9064
9068
9075
9078
9078
9104
9125
9125
9145
9156
9183
9208
9223
9224
9228
9253
9267
9295
9301
9311
9323
9338
9341
9381
9430
9437
9443
9475
9510
9515
9522
9529
9532
9540
9559
9560
9564
9566
9576
9579
9595
9599
9599
9600
9617
9628
9632
9641
9662
9666
9669
9703
9708
9717
9719
9730
9737
9738
9742
9747
9761
9765
9773
9780
9783
9798
9813
9815
9830
9842
9848
9853
9867
9884
9908
9909
9935
9935
9939
9961
9964
9974
9980
9987
9988
9994
9997
10010
10012
10023
10047
10049
10052
10057
10079
10093
10105
10115
10117
10118
10121
10127
10129
10142
10144
10153
10171
10189
10195
10197
10220
10232
10280
10292
10293
10294
10314
10322
10360
10364
10375
10377
10381
10384
10390
10395
10395
10396
10406
10428
10441
10442
10458
10479
10489
10502
10503
10513
10514
10516
10537
10540
10540
10553
10571
10576
10589
10601
10623
10627
10629
10636
10636
10639
10641
10645
10684
10691
10695
10706
10719
10729
10735
10736
10746
10747
10748
10759
10766
10788
10873
10901
10905
10940
10956
10966
10972
10975
11001
11008
11015
11017
11017
11021
11027
11029
11031
11036
11064
11081
11081
11093
11100
11104
11123
11135
11139
11153
11159
11160
11165
11180
11184
11199
11200
11201
11213
11220
11225
11233
11245
11257
11263
11275
11289
11313
11313
11314
11315
11323
11329
11337
11338
11342
11344
11347
11363
11370
11385
11392
11395
11411
11433
11433
11435
11439
11444
11447
11453
11455
11457
11460
11467
11467
11477
11486
11491
11495
11495
11500
11514
11518
11526
11529
11543
11545
11546
11548
11565
11565
11574
11581
11588
11600
11604
11616
11618
11618
11632
11643
11656
11659
11678
11689
11705
11717
11724
11733
11735
11736
11770
11788
11791
11795
11813
11820
11826
11845
11848
11848
11850
11854
11865
11869
11882
11904
11907
11910
11932
11938
11943
11945
11957
11960
11967
11969
11977
11997
12007
12011
12032
12040
12041
12044
12044
12049
12072
12089
12094
12098
12101
12114
12122
12133
12146
12149
12151
12191
12197
12207
12213
12214
12215
12218
12229
12240
12255
12256
12281
12286
12287
12288
12296
12309
12330
12336
12337
12350
12396
12400
12409
12425
12428
12440
12443
12445
12451
12481
12496
12501
12530
12533
12538
12549
12551
12587
12612
12630
12642
12644
12645
12678
12696
12697
12698
12701
12718
12721
12721
12736
12747
12748
12750
12754
12756
12760
12767
12770
12783
12792
12796
12799
12805
12826
12835
12848
12859
12871
12878
12883
12887
12888
12890
12912
12915
12917
12922
12945
12951
12960
12967
12976
12995
13006
13012
13019
13032
13040
13040
13047
13052
13057
13088
13106
13124
13126
13128
13144
13167
13182
13193
13211
13211
13219
13222
13222
13235
13241
13249
13255
13258
13260
13267
13269
13274
13292
13298
13300
13304
13304
13333
13338
13345
13356
13370
13382
13393
13401
13403
13407
13408
13440
13451
13459
13467
13470
13474
13477
13481
13494
13500
13509
13526
13539
13578
13586
13592
13594
13631
13635
13638
13652
13655
13662
13668
13677
13679
13680
13688
13695
13698
13705
13707
13711
13714
13724
13733
13736
13790
13795
13821
13850
13857
13858
13882
13908
13913
13916
13924
13937
13940
13944
13946
13954
13960
13963
13968
13973
13980
13982
13991
13993
13993
14009
14014
14015
14043
14056
14064
14070
14083
14091
14091
14095
14107
14112
14128
14150
14151
14175
14183
14190
14197
14220
14220
14224
14236
14264
14266
14280
14287
14297
14302
14310
14316
14329
14332
14338
14347
14350
14358
14365
14370
14370
14376
14378
14389
14395
14397
14398
14420
14429
14438
14444
14448
14467
14469
14477
14485
14487
14492
14536
14541
14551
14554
14557
14561
14564
14564
14572
14573
14622
14642
14645
14647
14659
14663
14685
14692
14697
14704
14712
14723
14726
14732
14740
14743
14751
14757
14758
14767
14781
14804
14808
14810
14831
14841
14841
14842
14851
14854
14866
14891
14935
14975
14980
14985
15002
15021
15042
15054
15074
15081
15083
15094
15101
15116
15117
15124
15129
15156
15165
15166
15171
15171
15172
15193
15198
15201
15214
15217
15217
15224
15247
15251
15260
15264
15268
15282
15304
15307
15311
15322
15333
15336
15340
15350
15363
15364
15392
15405
15435
15457
15462
15469
15478
15494
15513
15514
15515
15538
15540
15549
15556
15559
15565
15575
15576
15638
15639
15652
15652
15654
15677
15681
15683
15687
15700
15705
15727
15741
15748
15749
15791
15795
15799
15803
15805
15808
15810
15816
15821
15826
15841
15842
15850
15855
15861
15881
15886
15890
15893
15902
15937
15969
15976
16019
16042
16056
16060
16067
16067
16071
16072
16079
16081
16094
16097
16127
16129
16130
16149
16152
16152
16160
16163
16183
16183
16189
16199
16209
16212
16218
16222
16229
16249
16265
16279
16289
16299
16303
16319
16329
16330
16366
16371
16372
16383
16390
16395
16395
16404
16409
16417
16430
16444
16481
16495
16508
16511
16517
16525
16537
16561
16575
16605
16621
16631
16642
16653
16658
16661
16676
16678
16685
16690
16693
16739
16750
16753
16783
16784
16831
16866
16866
16880
16882
16883
16887
16891
16967
16989
16990
17000
17019
17025
17036
17036
17071
17085
17091
17092
17092
17108
17120
17128
17130
17134
17136
17138
17151
17152
17164
17171
17171
17183
17193
17198
17206
17214
17217
17217
17218
17225
17230
17230
17243
17245
17252
17259
17274
17315
17317
17323
17329
17339
17345
17357
17361
17373
17377
17378
17388
17399
17400
17415
17432
17453
17472
17472
17506
17509
17509
17545
17547
17563
17577
17586
17601
17604
17605
17616
17617
17623
17640
17652
17657
17673
17696
17698
17705
17706
17708
17711
17728
17734
17747
17747
17761
17765
17779
17780
17787
17796
17798
17799
17800
17803
17822
17830
17853
17863
17866
17892
17894
17904
17910
17911
17912
17934
17938
17961
17963
17969
17993
18000
18002
18025
18029
18036
18036
18042
18047
18056
18063
18078
18086
18092
18101
18113
18115
18122
18131
18152
18164
18190
18203
18237
18240
18244
18245
18251
18254
18307
18313
18326
18327
18346
18347
18356
18364
18385
18402
18411
18416
18435
18439
18446
18447
18453
18506
18515
18518
18526
18532
18538
18557
18560
18567
18572
18584
18612
18612
18617
18620
18638
18638
18651
18662
18663
18666
18669
18671
18679
18681
18694
18698
18698
18730
18730
18737
18743
18758
18774
18776
18777
18790
18792
18801
18804
18804
18824
18826
18826
18830
18830
18838
18854
18870
18875
18878
18887
18955
18956
18958
18963
18973
18975
18992
18992
18995
19022
19023
19023
19024
19027
19030
19060
19075
19080
19094
19096
19098
19102
19119
19126
19139
19151
19151
19198
19211
19221
19237
19244
19244
19247
19248
19249
19250
19254
19265
19269
19281
19284
19298
19301
19303
19307
19309
19318
19319
19330
19352
19379
19390
19393
19440
19443
19472
19479
19498
19502
19502
19541
19542
19543
19555
19576
19580
19585
19586
19631
19647
19660
19672
19675
19715
19734
19739
19741
19742
19751
19752
19763
19782
19786
19810
19832
19833
19836
19869
19872
19919
19957
19966
19983
19996
20002
20004
20007
20011
20015
20029
20036
20040
20044
20065
20066
20079
20083
20099
20099
20114
20119
20147
20152
20153
20154
20160
20166
20179
20221
20234
20249
20256
20269
20272
20276
20296
20309
20311
20318
20318
20324
20328
20349
20349
20360
20369
20380
20392
20397
20408
20425
20431
20435
20452
20460
20482
20488
20499
20504
20505
20506
20515
20518
20518
20519
20523
20529
20545
20551
20561
20567
20567
20574
20600
20612
20634
20636
20641
20657
20672
20689
20692
20712
20716
20718
20726
20743
20749
20756
20757
20761
20763
20803
20827
20828
20834
20838
20843
20846
20847
20850
20854
20862
20900
20918
20921
20925
20935
20944
20952
20963
20997
21004
21004
21039
21052
21076
21085
21090
21093
21119
21120
21123
21142
21144
21150
21151
21163
21180
21196
21204
21204
21217
21240
21242
21243
21252
21262
21265
21275
21276
21287
21298
21300
21316
21317
21320
21333
21342
21347
21354
21355
21358
21366
21372
21375
21385
21388
21401
21414
21421
21423
21425
21426
21427
21462
21483
21501
21504
21544
21555
21557
21569
21587
21594
21615
21620
21633
21650
21668
21668
21688
21688
21691
21707
21709
21720
21721
21731
21744
21746
21768
21780
21780
21780
21795
21796
21796
21805
21807
21808
21811
21811
21831
21835
21841
21905
21917
21933
21937
21953
21965
21969
21970
21977
21998
22004
22005
22020
22050
22060
22061
22067
22067
22078
22092
22094
22115
22123
22141
22167
22176
22181
22198
22205
22208
22222
22239
22241
22251
22258
22272
22273
22294
22295
22307
22311
22315
22323
22346
22358
22362
22377
22385
22391
22394
22397
22399
22408
22410
22416
22417
22430
22435
22459
22460
22473
22481
22502
22508
22514
22527
22534
22582
22606
22610
22611
22613
22617
22619
22638
22646
22652
22666
22669
22677
22689
22715
22731
22733
22745
22758
22758
22795
22796
22807
22821
22822
22830
22850
22851
22853
22855
22869
22874
22891
22892
22898
22926
22935
22937
22940
22951
22976
23016
23055
23072
23077
23079
23086
23096
23098
23105
23107
23112
23115
23132
23135
23152
23164
23176
23188
23196
23243
23245
23252
23268
23282
23288
23289
23311
23313
23322
23324
23339
23344
23349
23351
23354
23359
23382
23382
23387
23393
23413
23416
23430
23436
23464
23465
23470
23471
23483
23490
23514
23523
23528
23529
23532
23534
23563
23587
23588
23592
23602
23603
23605
23613
23614
23642
23642
23642
23649
23650
23656
23666
23673
23677
23680
23686
23687
23692
23692
23700
23703
23719
23720
23737
23757
23758
23769
23774
23777
23800
23816
23853
23857
23865
23889
23914
23918
23959
23985
23986
23991
24006
24027
24036
24039
24062
24077
24080
24105
24110
24111
24117
24124
24133
24153
24175
24178
24179
24179
24179
24188
24190
24206
24213
24219
24224
24226
24248
24252
24271
24275
24276
24297
24299
24313
24337
24362
24384
24390
24395
24397
24417
24430
24431
24440
24448
24455
24473
24486
24523
24529
24535
24569
24569
24590
24592
24600
24609
24611
24619
24620
24634
24635
24635
24642
24653
24656
24664
24667
24672
24672
24697
24728
24729
24744
24762
24773
24774
24776
24791
24800
24819
24822
24826
24850
24858
24866
24881
24885
24902
24908
24909
24923
24924
24940
24952
24959
25005
25023
25030
25035
25053
25055
25095
25098
25107
25108
25112
25119
25120
25120
25148
25177
25186
25189
25200
25202
25203
25211
25212
25223
25253
25254
25264
25272
25275
25291
25299
25305
25313
25321
25326
25330
25342
25348
25370
25378
25381
25391
25400
25402
25438
25440
25463
25465
25466
25478
25490
25509
25518
25534
25534
25537
25551
25561
25577
25577
25594
25605
25620
25623
25635
25644
25648
25660
25674
25681
25685
25695
25705
25756
25790
25825
25828
25836
25848
25850
25861
25894
25916
25932
25956
25959
25962
25967
25985
26003
26010
26014
26015
26021
26022
26048
26050
26089
26095
26119
26126
26133
26135
26140
26143
26144
26180
26182
26212
26225
26242
26244
26244
26244
26252
26255
26278
26286
26287
26318
26322
26334
26337
26343
26347
26375
26390
26410
26426
26440
26453
26456
26469
26472
26476
26480
26508
26539
26546
26561
26567
26595
26610
26612
26615
26616
26620
26620
26654
26670
26685
26696
26714
26731
26735
26744
26752
26759
26771
26773
26774
26800
26802
26803
26810
26820
26829
26834
26843
26863
26867
26875
26877
26878
26880
26883
26893
26901
26908
26919
26920
26927
26934
26944
26949
26950
26968
26969
26974
26974
26979
26980
26984
26992
26998
27000
27038
27055
27066
27076
27078
27106
27109
27164
27171
27171
27172
27199
27203
27205
27206
27209
27221
27240
27240
27247
27252
27256
27260
27291
27295
27312
27312
27316
27318
27354
27359
27369
27407
27408
27412
27423
27432
27452
27458
27466
27487
27490
27493
27501
27508
27520
27520
27555
27577
27583
27595
27598
27600
27610
27616
27635
27648
27666
27674
27678
27701
27746
27764
27801
27805
27810
27810
27818
27819
27825
27848
27868
27888
27889
27890
27895
27897
27899
27925
27930
27937
27958
27961
27972
27984
28007
28024
28028
28046
28050
28054
28062
28064
28066
28087
28093
28117
28125
28172
28182
28185
28195
28205
28206
28219
28242
28245
28250
28252
28258
28258
28259
28261
28266
28281
28285
28288
28297
28310
28321
28324
28334
28365
28367
28369
28370
28383
28389
28398
28432
28436
28438
28444
28456
28460
28479
28484
28488
28508
28509
28511
28513
28520
28537
28541
28548
28553
28554
28558
28558
28562
28573
28589
28597
28599
28603
28613
28629
28633
28638
28649
28667
28676
28676
28708
28710
28727
28728
28734
28739
28742
28752
28756
28767
28769
28780
28793
28802
28819
28825
28830
28838
28842
28842
28848
28850
28871
28878
28880
28881
28882
28894
28908
28910
28917
28920
28923
28923
28928
28942
28952
28953
28956
28968
28997
28998
29011
29021
29038
29040
29051
29064
29067
29068
29068
29079
29080
29097
29099
29116
29117
29129
29130
29133
29143
29156
29167
29186
29190
29197
29202
29210
29237
29245
29253
29264
29288
29296
29307
29329
29330
29334
29349
29350
29350
29367
29391
29392
29411
29412
29415
29416
29416
29427
29431
29433
29471
29483
29491
29507
29512
29549
29569
29602
29613
29622
29630
29635
29650
29656
29681
29697
29706
29711
29736
29741
29750
29755
29763
29768
29768
29782
29789
29803
29810
29825
29844
29844
29850
29856
29860
29879
29899
29945
29955
29962
29970
29981
29984
29985
29987
29992
30013
30027
30032
30032
30033
30036
30040
30041
30058
30063
30065
30091
30096
30104
30108
30109
30131
30132
30136
30150
30169
30173
30194
30204
30224
30247
30251
30255
30282
30284
30289
30298
30301
30312
30328
30329
30337
30344
30354
30355
30366
30376
30379
30393
30402
30404
30409
30410
30412
30417
30418
30432
30432
30436
30448
30456
30457
30465
30470
30508
30509
30511
30518
30519
30520
30522
30535
30553
30554
30555
30556
30557
30567
30584
30585
30606
30611
30614
30622
30624
30625
30644
30657
30660
30666
30674
30678
30679
30681
30719
30721
30734
30751
30752
30753
30755
30772
30774
30790
30797
30800
30802
30803
30811
30821
30826
30830
30833
30860
30871
30873
30896
30898
30928
30933
30943
30957
30967
30971
30997
30999
31018
31023
31031
31035
31070
31086
31095
31105
31105
31106
31107
31117
31139
31141
31157
31167
31171
31173
31177
31191
31199
31225
31226
31247
31252
31279
31280
31281
31295
31297
31300
31312
31334
31356
31361
31362
31372
31396
31403
31409
31410
31429
31433
31443
31473
31482
31485
31489
31497
31501
31509
31512
31531
31544
31568
31569
31579
31595
31606
31619
31620
31628
31637
31638
31640
31648
31663
31679
31681
31714
31718
31727
31756
31770
31774
31776
31783
31784
31814
31819
31820
31821
31846
31853
31857
31867
31877
31885
31911
31914
31918
31918
31930
31935
31939
31951
31969
31987
31997
31998
32025
32026
32030
32035
32039
32063
32071
32072
32101
32112
32135
32161
32163
32173
32174
32186
32199
32213
32214
32214
32227
32228
32242
32244
32246
32253
32257
32258
32270
32277
32296
32297
32301
32309
32316
32320
32342
32349
32350
32350
32368
32369
32374
32395
32431
32434
32443
32447
32457
32461
32482
32519
32524
32543
32558
32559
32570
32573
32576
32583
32590
32591
32599
32603
32610
32612
32633
32637
32643
32673
32685
32688
32708
32738
32744
32767
32778
32808
32817
32823
32829
32839
32843
32844
32875
32881
32881
32883
32907
32925
32926
32959
32972
32979
32993
33014
33032
33042
33043
33103
33110
33134
33134
33136
33137
33141
33148
33152
33158
33161
33267
33273
33277
33290
33308
33311
33315
33320
33345
33357
33367
33385
33388
33402
33405
33433
33441
33466
33467
33490
33499
33502
33503
33505
33509
33541
33553
33569
33571
33577
33579
33586
33593
33607
33613
33614
33618
33640
33649
33669
33671
33674
33693
33694
33705
33722
33747
33756
33756
33764
33767
33771
33774
33784
33789
33804
33818
33822
33824
33829
33832
33834
33857
33865
33877
33881
33887
33893
33895
33896
33907
33909
33910
33916
33935
33959
33963
33982
34003
34020
34024
34036
34044
34046
34050
34059
34092
34095
34114
34150
34150
34195
34199
34202
34215
34240
34246
34263
34283
34296
34302
34311
34311
34325
34339
34344
34346
34365
34367
34368
34387
34396
34434
34447
34452
34460
34465
34477
34477
34479
34494
34496
34504
34512
34513
34515
34523
34528
34530
34536
34556
34569
34583
34588
34604
34609
34615
34621
34625
34626
34631
34679
34691
34694
34701
34703
34727
34751
34758
34777
34779
34780
34794
34795
34796
34806
34825
34828
34870
34881
34891
34912
34920
34934
34941
34946
34951
34957
34973
34976
34982
35000
35010
35018
35019
35042
35042
35043
35054
35054
35055
35062
35091
35109
35122
35126
35132
35148
35151
35155
35155
35176
35176
35178
35180
35182
35183
35189
35205
35213
35216
35228
35231
35233
35269
35277
35297
35301
35308
35312
35320
35323
35330
35339
35357
35392
35396
35397
35403
35409
35425
35437
35438
35457
35468
35475
35477
35479
35498
35507
35519
35525
35525
35534
35545
35549
35551
35561
35569
35573
35608
35617
35621
35639
35639
35639
35641
35646
35646
35653
35662
35671
35692
35703
35720
35720
35723
35732
35737
35752
35756
35785
35788
35796
35805
35825
35826
35828
35847
35847
35859
35861
35884
35899
35909
35915
35927
35930
35933
35952
35975
36006
36022
36038
36042
36043
36046
36059
36079
36083
36088
36093
36125
36128
36128
36135
36147
36158
36168
36171
36177
36184
36197
36216
36220
36220
36223
36225
36233
36234
36241
36244
36255
36282
36290
36301
36306
36309
36313
36368
36389
36418
36437
36448
36456
36459
36462
36470
36481
36493
36500
36504
36507
36518
36520
36531
36546
36549
36553
36559
36561
36569
36593
36594
36605
36607
36613
36622
36626
36639
36646
36665
36683
36694
36701
36703
36704
36722
36723
36724
36726
36731
36760
36766
36775
36803
36831
36834
36841
36870
36883
36906
36912
36931
36931
36969
36975
36981
36990
37001
37003
37021
37029
37035
37041
37057
37069
37072
37074
37074
37095
37116
37118
37130
37133
37189
37215
37227
37260
37264
37289
37299
37306
37308
37315
37321
37337
37347
37348
37349
37349
37362
37372
37382
37385
37407
37411
37413
37417
37419
37429
37431
37448
37448
37453
37479
37480
37487
37488
37502
37504
37514
37516
37517
37519
37519
37529
37566
37574
37577
37586
37589
37598
37621
37642
37652
37655
37672
37672
37686
37703
37705
37721
37730
37731
37734
37736
37749
37783
37789
37797
37797
37807
37811
37830
37834
37838
37854
37890
37899
37907
37909
37912
37921
37923
37923
37930
37947
37961
37963
37982
37985
37986
38008
38011
38035
38044
38059
38059
38061
38061
38076
38091
38100
38101
38110
38116
38128
38132
38139
38139
38141
38145
38165
38165
38168
38169
38191
38202
38208
38245
38266
38293
38329
38330
38355
38360
38365
38369
38396
38407
38410
38411
38423
38453
38462
38484
38505
38519
38551
38552
38566
38567
38567
38578
38594
38599
38602
38611
38620
38621
38624
38625
38646
38646
38669
38671
38682
38696
38699
38701
38722
38734
38739
38745
38756
38757
38774
38791
38794
38823
38836
38842
38843
38875
38885
38897
38901
38902
38942
38952
38971
38979
38982
38982
38985
39001
39017
39042
39043
39049
39050
39077
39093
39097
39116
39125
39166
39185
39199
39201
39206
39221
39227
39234
39238
39260
39263
39268
39272
39277
39302
39306
39334
39348
39371
39374
39383
39385
39396
39411
39425
39438
39460
39475
39493
39497
39501
39527
39528
39534
39535
39535
39548
39574
39576
39610
39611
39616
39622
39627
39628
39637
39645
39658
39664
39666
39671
39678
39678
39688
39689
39702
39705
39710
39713
39714
39722
39728
39728
39735
39738
39765
39773
39777
39793
39800
39808
39812
39814
39834
39844
39846
39848
39854
39858
39879
39884
39890
39903
39916
39949
39955
39955
39959
39971
39980
39984
39998
40024
40028
40046
40050
40052
40056
40067
40072
40077
40098
40100
40108
40117
40124
40132
40133
40138
40146
40168
40176
40177
40178
40184
40212
40213
40222
40225
40226
40247
40288
40299
40311
40317
40327
40362
40370
40396
40429
40431
40432
40432
40434
40434
40463
40474
40493
40507
40534
40584
40585
40592
40605
40609
40634
40646
40678
40691
40697
40716
40736
40749
40752
40784
40795
40795
40796
40804
40816
40818
40838
40844
40852
40857
40872
40891
40904
40905
40908
40919
40924
40946
40953
40989
41006
41008
41036
41063
41064
41069
41072
41080
41083
41104
41126
41131
41131
41137
41148
41150
41159
41165
41173
41189
41205
41232
41237
41237
41238
41240
41248
41248
41251
41265
41265
41304
41318
41320
41327
41329
41331
41351
41351
41351
41359
41360
41388
41397
41404
41406
41423
41428
41471
41482
41492
41494
41503
41515
41527
41547
41571
41575
41586
41596
41603
41607
41618
41618
41622
41625
41669
41678
41681
41695
41702
41722
41723
41725
41740
41751
41751
41767
41785
41786
41797
41799
41807
41817
41818
41825
41826
41843
41849
41855
41876
41879
41882
41883
41898
41914
41929
41952
41963
41979
42003
42012
42014
42021
42026
42027
42066
42066
42069
42082
42091
42097
42097
42098
42116
42129
42147
42162
42163
42192
42211
42242
42275
42278
42279
42281
42281
42285
42304
42304
42307
42309
42318
42320
42325
42329
42333
42336
42358
42379
42382
42402
42421
42426
42428
42463
42463
42464
42502
42510
42524
42524
42554
42567
42573
42581
42582
42584
42588
42594
42614
42620
42621
42629
42634
42644
42649
42650
42650
42655
42660
42661
42684
42688
42713
42713
42716
42720
42732
42743
42745
42754
42759
42761
42762
42768
42785
42790
42800
42814
42827
42841
42870
42909
42930
42931
42942
42964
42976
42982
42991
42995
43011
43040
43041
43042
43048
43050
43052
43060
43062
43065
43083
43099
43120
43134
43135
43142
43157
43159
43167
43176
43181
43184
43193
43204
43208
43217
43237
43239
43246
43270
43281
43286
43291
43314
43327
43361
43361
43364
43378
43382
43383
43393
43394
43399
43404
43438
43470
43481
43487
43491
43495
43495
43496
43500
43504
43522
43525
43537
43541
43584
43588
43594
43601
43607
43619
43630
43630
43638
43659
43668
43672
43682
43683
43704
43710
43727
43735
43759
43775
43787
43803
43818
43831
43835
43841
43845
43857
43916
43917
43926
43931
43933
43941
43942
43956
43980
43980
43980
43987
43987
44002
44017
44048
44074
44085
44105
44117
44121
44131
44132
44170
44171
44188
44232
44238
44258
44258
44263
44268
44276
44288
44313
44318
44330
44331
44337
44342
44348
44351
44384
44419
44429
44437
44442
44443
44452
44461
44465
44476
44482
44495
44501
44505
44510
44532
44535
44536
44550
44552
44613
44628
44630
44632
44654
44656
44670
44685
44703
44714
44724
44734
44739
44756
44757
44762
44769
44777
44796
44799
44810
44836
44837
44876
44884
44895
44911
44915
44926
44927
44945
44947
44953
44966
44982
44985
45000
45011
45013
45038
45038
45045
45048
45050
45068
45084
45094
45101
45117
45134
45146
45154
45156
45163
45176
45187
45202
45209
45221
45222
45236
45256
45261
45274
45303
45323
45338
45343
45346
45353
45358
45373
45377
45416
45418
45434
45442
45454
45458
45469
45470
45471
45483
45497
45507
45515
45533
45534
45542
45545
45586
45589
45590
45594
45611
45611
45633
45656
45658
45663
45667
45671
45691
45703
45730
45769
45777
45784
45793
45796
45798
45834
45839
45842
45863
45878
45882
45883
45930
45933
45939
45959
45962
45972
45976
45983
45984
46012
46044
46046
46049
46055
46086
46153
46159
46160
46170
46177
46190
46192
46193
46193
46232
46246
46247
46256
46258
46268
46269
46271
46288
46302
46308
46311
46312
46318
46319
46330
46334
46356
46372
46374
46382
46384
46387
46394
46396
46400
46402
46403
46405
46429
46430
46441
46459
46463
46465
46468
46472
46476
46494
46496
46513
46528
46531
46531
46536
46538
46542
46545
46546
46546
46562
46574
46588
46598
46599
46604
46609
46624
46630
46644
46653
46679
46704
46717
46719
46770
46792
46800
46801
46804
46807
46845
46851
46854
46877
46913
46919
46931
46933
46953
46956
46962
46966
46977
47016
47016
47021
47024
47029
47040
47053
47057
47090
47100
47133
47142
47143
47152
47159
47177
47190
47191
47192
47192
47201
47201
47232
47250
47257
47275
47276
47280
47307
47318
47318
47330
47349
47383
47387
47388
47408
47409
47432
47440
47446
47448
47449
47452
47461
47464
47465
47469
47527
47534
47540
47543
47544
47560
47567
47624
47626
47631
47661
47665
47670
47670
47676
47678
47687
47696
47701
47704
47755
47777
47791
47800
47823
47838
47841
47841
47849
47849
47860
47860
47864
47866
47876
47888
47903
47906
47915
47924
47943
47946
47986
48009
48009
48025
48028
48038
48041
48044
48078
48079
48084
48087
48096
48098
48108
48116
48118
48123
48125
48130
48132
48143
48160
48227
48233
48248
48249
48252
48255
48282
48301
48318
48354
48369
48382
48384
48385
48392
48399
48407
48414
48421
48433
48434
48442
48474
48486
48491
48493
48495
48509
48525
48528
48529
48537
48557
48567
48571
48580
48587
48588
48589
48605
48610
48618
48621
48625
48626
48673
48677
48762
48777
48779
48786
48792
48803
48835
48848
48848
48864
48870
48874
48877
48879
48883
48887
48926
48947
48975
48981
48984
48999
49026
49036
49042
49049
49054
49054
49057
49058
49093
49100
49109
49111
49122
49126
49136
49142
49152
49159
49160
49164
49171
49182
49197
49215
49215
49226
49236
49247
49249
49250
49256
49275
49279
49281
49324
49331
49337
49348
49357
49381
49389
49402
49414
49426
49435
49446
49454
49478
49479
49482
49491
49493
49501
49502
49542
49552
49561
49568
49575
49601
49614
49615
49615
49641
49643
49649
49651
49661
49665
49672
49695
49702
49708
49716
49720
49720
49773
49802
49802
49811
49824
49842
49852
49854
49858
49864
49866
49868
49870
49887
49903
49905
49912
49915
49918
49920
49924
49951
49972
49974
49976
49984
49996
49997
50011
50034
50047
50050
50059
50073
50087
50114
50141
50147
50164
50169
50172
50173
50190
50193
50197
50198
50205
50215
50218
50219
50228
50232
50238
50253
50262
50270
50281
50308
50310
50343
50350
50351
50371
50376
50383
50396
50409
50422
50429
50436
50444
50449
50465
50467
50467
50469
50482
50484
50485
50489
50518
50530
50537
50569
50577
50585
50586
50592
50599
50602
50616
50622
50623
50632
50666
50676
50692
50729
50739
50750
50755
50763
50772
50774
50802
50806
50866
50867
50885
50893
50894
50899
50903
50917
50930
50936
50939
50942
50965
50980
50990
50991
50996
51036
51043
51049
51059
51075
51113
51113
51127
51130
51135
51142
51146
51152
51156
51160
51172
51177
51217
51218
51237
51238
51243
51265
51265
51268
51280
51287
51300
51306
51309
51316
51355
51355
51363
51364
51370
51371
51387
51401
51405
51405
51420
51427
51435
51445
51450
51455
51473
51501
51506
51508
51510
51514
51536
51558
51574
51586
51589
51600
51607
51618
51619
51620
51625
51638
51648
51652
51654
51677
51681
51685
51689
51702
51708
51711
51712
51717
51719
51734
51767
51777
51784
51785
51785
51796
51814
51822
51824
51833
51845
51855
51860
51869
51872
51878
51882
51892
51906
51910
51910
51913
51916
51962
51964
51964
51972
51988
51998
52003
52012
52026
52031
52033
52034
52035
52042
52046
52048
52059
52068
52074
52086
52101
52111
52119
52123
52146
52166
52184
52195
52213
52238
52239
52243
52246
52254
52255
52266
52279
52289
52317
52319
52319
52321
52330
52337
52354
52368
52392
52411
52412
52412
52427
52451
52462
52467
52469
52479
52485
52487
52493
52508
52521
52521
52522
52533
52535
52558
52561
52609
52610
52617
52635
52654
52654
52656
52657
52659
52665
52667
52671
52678
52700
52708
52741
52742
52746
52751
52754
52764
52767
52772
52776
52808
52810
52811
52812
52820
52841
52843
52845
52850
52867
52882
52922
52930
52949
52951
52952
52961
52997
53006
53020
53043
53048
53082
53083
53098
53106
53110
53116
53124
53135
53140
53163
53173
53180
53183
53189
53191
53198
53202
53204
53224
53225
53276
53281
53284
53292
53298
53339
53341
53348
53411
53424
53427
53446
53454
53461
53461
53468
53474
53482
53501
53510
53515
53521
53522
53534
53541
53552
53586
53588
53601
53602
53607
53609
53637
53655
53657
53659
53669
53673
53680
53696
53698
53714
53732
53753
53756
53774
53781
53783
53783
53789
53804
53810
53820
53832
53836
53837
53849
53857
53862
53862
53909
53919
53925
53930
53944
53947
53951
53975
53993
54001
54001
54005
54020
54023
54030
54035
54064
54073
54078
54081
54122
54148
54149
54159
54161
54163
54170
54177
54192
54193
54195
54195
54197
54199
54205
54207
54212
54228
54229
54229
54235
54242
54247
54256
54260
54271
54289
54296
54306
54319
54327
54328
54343
54345
54345
54364
54378
54450
54454
54455
54455
54493
54496
54501
54520
54526
54543
54548
54555
54558
54568
54610
54627
54633
54637
54638
54642
54655
54659
54661
54665
54675
54680
54698
54719
54741
54744
54744
54753
54759
54760
54777
54786
54805
54819
54833
54839
54840
54848
54894
54900
54907
54918
54928
54942
54944
54945
54947
54953
54960
54964
54974
54980
55003
55009
55016
55020
55037
55064
55077
55082
55088
55114
55120
55126
55155
55165
55173
55182
55204
55225
55227
55248
55265
55270
55286
55294
55310
55322
55323
55325
55341
55342
55379
55396
55397
55414
55418
55435
55436
55436
55440
55444
55450
55465
55468
55479
55487
55488
55500
55506
55508
55510
55516
55534
55552
55561
55574
55615
55615
55622
55630
55641
55658
55690
55697
55716
55717
55726
55744
55752
55758
55767
55795
55800
55830
55836
55837
55840
55848
55854
55871
55873
55883
55888
55893
55912
55936
55942
55943
55949
55967
55969
55982
55990
55991
56014
56030
56040
56044
56061
56075
56114
56131
56135
56139
56142
56144
56170
56181
56196
56219
56253
56253
56257
56296
56307
56308
56314
56314
56342
56350
56361
56364
56364
56371
56373
56374
56378
56393
56393
56402
56409
56412
56415
56424
56432
56440
56442
56447
56470
56476
56489
56489
56497
56523
56528
56540
56567
56568
56569
56573
56578
56580
56583
56618
56632
56652
56654
56679
56709
56721
56725
56738
56739
56750
56753
56755
56768
56770
56778
56795
56810
56820
56821
56828
56832
56845
56845
56846
56847
56852
56863
56866
56879
56883
56886
56888
56895
56901
56903
56915
56920
56922
56930
56931
56943
56960
56962
56983
56993
56995
57018
57029
57074
57095
57098
57103
57107
57111
57119
57153
57162
57168
57169
57179
57188
57192
57221
57223
57224
57237
57244
57246
57267
57285
57291
57299
57302
57307
57315
57325
57327
57341
57343
57350
57350
57363
57389
57420
57427
57429
57434
57441
57442
57445
57468
57476
57491
57494
57501
57514
57515
57535
57547
57557
57567
57572
57584
57618
57624
57663
57674
57679
57713
57715
57715
57728
57735
57753
57761
57768
57776
57784
57801
57803
57805
57814
57818
57821
57824
57826
57826
57832
57841
57848
57852
57866
57868
57880
57897
57919
57943
57944
57974
57975
57975
57983
57996
58005
58008
58011
58052
58054
58063
58089
58099
58100
58106
58129
58131
58134
58137
58149
58149
58161
58162
58166
58239
58245
58246
58249
58266
58298
58321
58322
58323
58325
58327
58329
58355
58392
58396
58404
58410
58470
58478
58487
58509
58525
58527
58538
58538
58555
58556
58568
58572
58587
58588
58631
58702
58707
58724
58746
58750
58751
58761
58776
58778
58790
58810
58814
58815
58825
58835
58840
58840
58842
58843
58849
58871
58872
58892
58917
58934
58947
58950
58951
58953
58961
58963
58972
58973
58987
59000
59003
59017
59023
59040
59044
59053
59056
59062
59077
59080
59096
59116
59125
59136
59147
59153
59166
59179
59207
59215
59225
59245
59268
59290
59330
59346
59368
59370
59371
59383
59387
59403
59420
59425
59449
59464
59465
59478
59480
59507
59519
59540
59544
59545
59558
59569
59592
59596
59613
59625
59649
59650
59657
59673
59676
59682
59690
59692
59694
59702
59711
59722
59727
59734
59735
59754
59772
59772
59785
59805
59817
59838
59842
59849
59858
59862
59876
59891
59910
59915
59928
59930
59956
59962
59970
59971
60001
60032
60040
60043
60048
60061
60062
60064
60080
60084
60094
60099
60114
60132
60134
60143
60159
60160
60163
60166
60171
60182
60192
60203
60208
60220
60231
60233
60241
60243
60274
60279
60281
60281
60282
60306
60307
60332
60352
60356
60360
60380
60445
60447
60454
60474
60475
60482
60516
60523
60528
60544
60547
60557
60563
60566
60587
60591
60600
60610
60620
60691
60700
60724
60732
60752
60756
60760
60772
60778
60778
60782
60798
60799
60808
60810
60813
60819
60833
60838
60840
60846
60864
60865
60866
60880
60884
60891
60899
60903
60921
60922
60933
60951
60958
60958
60959
60960
60962
60975
60981
61007
61013
61013
61016
61047
61073
61074
61079
61087
61091
61093
61110
61118
61120
61124
61125
61127
61133
61137
61144
61147
61151
61153
61158
61162
61173
61194
61211
61216
61223
61225
61261
61278
61283
61296
61300
61301
61324
61327
61329
61344
61346
61365
61366
61407
61422
61428
61433
61435
61452
61474
61492
61498
61509
61513
61514
61516
61533
61536
61544
61554
61580
61604
61611
61618
61643
61675
61678
61682
61700
61700
61718
61727
61771
61774
61775
61776
61780
61786
61787
61789
61843
61849
61851
61882
61884
61891
61907
61910
61915
61920
61923
61930
61954
61965
61972
61973
61977
61994
62021
62066
62068
62074
62074
62079
62091
62105
62112
62153
62174
62188
62194
62197
62203
62222
62225
62246
62252
62267
62270
62273
62281
62284
62285
62289
62290
62291
62294
62310
62314
62334
62342
62342
62343
62346
62359
62368
62378
62384
62394
62407
62409
62412
62419
62432
62434
62446
62456
62458
62517
62530
62534
62536
62542
62566
62571
62578
62581
62596
62602
62623
62643
62654
62654
62677
62680
62681
62692
62696
62700
62729
62737
62741
62751
62787
62787
62789
62793
62826
62849
62849
62850
62854
62855
62875
62891
62921
62932
62936
62938
62951
62981
62997
63005
63009
63026
63030
63032
63048
63049
63071
63074
63091
63107
63124
63135
63145
63145
63147
63149
63164
63176
63207
63209
63213
63217
63247
63248
63256
63261
63264
63266
63267
63286
63287
63290
63298
63303
63311
63313
63329
63333
63335
63342
63350
63358
63377
63403
63430
63433
63433
63437
63503
63504
63527
63529
63531
63532
63534
63547
63550
63556
63557
63558
63567
63567
63572
63580
63580
63599
63624
63636
63648
63652
63654
63671
63681
63685
63693
63704
63714
63724
63726
63733
63738
63739
63771
63775
63796
63799
63802
63820
63830
63833
63858
63863
63868
63869
63872
63883
63893
63909
63946
63951
63955
63965
63981
63995
64007
64025
64035
64037
64043
64044
64046
64046
64064
64067
64075
64075
64106
64119
64119
64129
64135
64180
64182
64183
64207
64210
64214
64215
64217
64228
64233
64236
64259
64268
64277
64278
64292
64306
64307
64308
64327
64339
64344
64355
64360
64372
64385
64400
64401
64432
64438
64448
64455
64461
64500
64504
64515
64528
64537
64543
64555
64562
64570
64576
64583
64590
64613
64622
64622
64643
64670
64686
64693
64699
64716
64725
64736
64751
64761
64762
64771
64791
64800
64801
64834
64839
64843
64866
64899
64914
64953
64954
64958
64970
64978
64986
65002
65003
65012
65026
65039
65059
65060
65062
65071
65075
65082
65094
65140
65146
65147
65160
65165
65180
65186
65187
65194
65198
65199
65226
65238
65242
65245
65266
65268
65269
65271
65277
65279
65285
65294
65299
65302
65311
65326
65331
65347
65367
65369
65373
65376
65384
65385
65400
65403
65431
65456
65461
65463
65472
65478
65488
65493
65495
65497
65514
65516
65525
65528
65562
65567
65583
65586
65587
65597
65598
65621
65626
65633
65634
65645
65648
65651
65656
65661
65666
65666
65684
65685
65701
65708
65719
65723
65740
65742
65749
65751
65756
65761
65770
65771
65789
65795
65806
65809
65817
65819
65823
65834
65878
65894
65895
65895
65904
65905
65911
65918
65919
65921
65930
65940
65942
65943
65957
65958
65979
65981
65985
65992
65997
66004
66011
66032
66033
66041
66053
66062
66071
66100
66101
66121
66140
66175
66191
66202
66203
66215
66216
66253
66256
66264
66301
66314
66319
66319
66330
66342
66357
66360
66361
66375
66392
66394
66396
66403
66430
66435
66438
66442
66469
66491
66504
66510
66522
66526
66530
66559
66562
66566
66573
66591
66591
66606
66609
66618
66621
66624
66654
66674
66680
66682
66702
66709
66714
66736
66741
66744
66748
66757
66781
66785
66788
66799
66811
66815
66815
66833
66847
66849
66868
66873
66904
66912
66915
66957
66959
66969
66993
66994
66997
66998
66999
67006
67007
67033
67059
67067
67073
67086
67087
67100
67105
67105
67110
67116
67121
67146
67147
67151
67152
67157
67179
67199
67254
67273
67278
67284
67292
67294
67301
67302
67302
67307
67308
67310
67333
67337
67355
67356
67359
67367
67390
67391
67392
67396
67399
67410
67412
67417
67428
67432
67442
67444
67475
67481
67489
67510
67528
67529
67533
67534
67554
67563
67578
67588
67607
67614
67624
67624
67626
67628
67637
67644
67657
67660
67661
67674
67675
67697
67706
67717
67718
67720
67737
67741
67747
67751
67758
67760
67779
67817
67823
67828
67857
67860
67865
67878
67880
67892
67894
67906
67922
67932
67938
67939
67945
67962
67967
67979
67982
67996
68004
68026
68029
68035
68036
68044
68053
68056
68067
68067
68079
68090
68092
68098
68133
68146
68152
68156
68175
68192
68202
68204
68227
68233
68250
68267
68270
68272
68280
68282
68283
68311
68329
68338
68346
68347
68357
68361
68390
68393
68404
68405
68423
68425
68427
68435
68449
68453
68463
68472
68477
68485
68489
68491
68497
68510
68514
68516
68525
68540
68541
68546
68547
68569
68577
68579
68607
68618
68639
68655
68664
68666
68686
68704
68739
68743
68748
68787
68792
68792
68800
68816
68825
68826
68833
68835
68837
68853
68869
68875
68886
68889
68897
68905
68910
68921
68924
68926
68928
68938
68950
68958
68976
68999
69009
69022
69026
69030
69036
69040
69044
69056
69064
69071
69087
69091
69095
69098
69132
69138
69150
69175
69185
69193
69230
69231
69250
69253
69264
69265
69270
69277
69295
69299
69314
69316
69326
69336
69338
69352
69410
69423
69426
69436
69443
69450
69462
69470
69491
69498
69507
69508
69511
69550
69585
69586
69594
69610
69612
69624
69629
69645
69696
69704
69739
69742
69743
69775
69775
69802
69815
69816
69818
69828
69828
69837
69850
69885
69896
69897
69900
69930
69955
69958
69976
69986
70005
70009
70019
70020
70026
70029
70042
70048
70058
70059
70073
70081
70084
70088
70091
70097
70114
70134
70155
70175
70176
70187
70193
70203
70209
70215
70220
70250
70254
70262
70271
70282
70294
70302
70302
70309
70311
70320
70369
70379
70386
70393
70399
70426
70450
70467
70487
70495
70496
70506
70509
70514
70517
70556
70564
70601
70601
70620
70631
70656
70662
70673
70680
70680
70695
70707
70715
70730
70736
70738
70764
70768
70772
70792
70806
70830
70836
70856
70858
70858
70860
70861
70862
70873
70875
70881
70886
70896
70897
70904
70905
70910
70928
70973
70982
70989
71009
71016
71018
71027
71032
71043
71053
71055
71073
71101
71124
71130
71131
71139
71146
71149
71162
71167
71168
71174
71178
71180
71188
71208
71221
71230
71234
71238
71244
71257
71266
71268
71285
71293
71307
71313
71316
71326
71346
71362
71364
71367
71382
71387
71406
71434
71454
71458
71463
71465
71481
71501
71506
71523
71523
71524
71535
71554
71560
71569
71571
71571
71591
71601
71603
71606
71606
71613
71621
71648
71655
71678
71700
71719
71720
71755
71764
71773
71779
71784
71798
71799
71825
71833
71839
71844
71844
71852
71868
71871
71876
71881
71889
71889
71890
71894
71897
71903
71909
71919
71936
71953
71965
71997
72003
72008
72009
72017
72022
72062
72065
72071
72082
72085
72087
72091
72103
72126
72126
72135
72154
72166
72182
72200
72209
72210
72221
72229
72236
72259
72268
72272
72276
72301
72315
72317
72328
72339
72363
72365
72368
72388
72394
72403
72408
72408
72409
72410
72424
72425
72432
72451
72470
72484
72494
72495
72495
72518
72526
72529
72530
72545
72563
72568
72573
72580
72584
72587
72589
72590
72596
72620
72625
72625
72651
72694
72707
72710
72712
72738
72749
72753
72753
72755
72757
72760
72775
72778
72778
72779
72782
72787
72817
72822
72829
72830
72837
72842
72844
72849
72850
72896
72897
72904
72923
72924
72924
72955
72986
73007
73010
73030
73034
73040
73066
73067
73078
73080
73091
73133
73138
73151
73174
73204
73211
73222
73227
73232
73252
73263
73265
73268
73268
73282
73285
73286
73305
73333
73344
73345
73349
73354
73362
73405
73439
73441
73446
73471
73473
73477
73478
73508
73513
73518
73547
73549
73550
73571
73574
73576
73581
73581
73583
73592
73612
73617
73623
73628
73634
73642
73648
73648
73649
73649
73655
73670
73670
73692
73699
73706
73718
73722
73733
73744
73771
73776
73780
73807
73831
73833
73873
73878
73883
73891
73901
73907
73909
73911
73923
73924
73989
74006
74017
74019
74024
74030
74044
74046
74047
74053
74056
74061
74062
74085
74089
74146
74147
74158
74162
74164
74204
74206
74243
74243
74244
74264
74266
74268
74276
74281
74289
74302
74335
74384
74394
74396
74406
74410
74418
74437
74442
74449
74457
74467
74479
74488
74497
74503
74503
74507
74512
74580
74594
74599
74601
74621
74626
74627
74628
74668
74683
74692
74693
74703
74713
74739
74742
74759
74780
74790
74791
74794
74811
74812
74815
74818
74830
74833
74847
74860
74868
74874
74877
74877
74886
74888
74894
74907
74909
74910
74911
74952
74956
74962
74970
74970
74985
74986
74992
75000
75011
75016
75018
75026
75030
75047
75078
75080
75088
75108
75112
75112
75127
75135
75137
75144
75155
75175
75177
75181
75183
75185
75190
75196
75201
75205
75219
75227
75233
75233
75235
75235
75242
75260
75320
75327
75330
75343
75358
75366
75373
75375
75391
75397
75403
75421
75441
75447
75449
75451
75456
75462
75468
75469
75475
75480
75500
75505
75506
75506
75508
75510
75516
75531
75589
75590
75608
75611
75620
75627
75630
75654
75660
75666
75673
75675
75678
75684
75687
75691
75693
75717
75728
75732
75738
75743
75758
75767
75777
75784
75784
75804
75809
75812
75818
75836
75840
75852
75857
75868
75874
75876
75888
75888
75898
75918
75918
75933
75935
75942
75949
75958
75967
75983
75988
76017
76023
76035
76036
76039
76046
76070
76079
76100
76111
76121
76132
76140
76145
76166
76167
76172
76181
76183
76188
76208
76248
76252
76271
76289
76296
76297
76300
76300
76320
76320
76321
76326
76328
76343
76355
76363
76380
76381
76391
76397
76401
76404
76405
76419
76420
76426
76427
76432
76444
76454
76473
76511
76519
76527
76529
76553
76555
76558
76581
76582
76592
76597
76604
76607
76613
76633
76637
76655
76659
76692
76698
76703
76704
76705
76714
76719
76730
76730
76745
76761
76763
76772
76779
76780
76780
76784
76790
76800
76800
76801
76834
76835
76840
76861
76866
76879
76885
76890
76890
76906
76919
76919
76921
76923
76926
76929
76935
76939
76940
76947
76950
76968
76984
76984
76995
77001
77001
77033
77059
77065
77072
77085
77088
77089
77094
77110
77124
77131
77151
77154
77167
77171
77173
77194
77205
77213
77237
77239
77240
77251
77261
77261
77263
77264
77269
77277
77280
77301
77303
77309
77325
77343
77344
77346
77354
77362
77363
77368
77372
77373
77374
77375
77405
77415
77429
77452
77457
77476
77478
77485
77492
77495
77496
77496
77499
77512
77523
77524
77527
77536
77541
77548
77553
77562
77562
77563
77572
77581
77602
77602
77606
77614
77616
77622
77651
77663
77664
77675
77680
77688
77691
77699
77700
77705
77712
77724
77726
77728
77737
77742
77745
77752
77752
77769
77770
77795
77800
77805
77806
77827
77828
77837
77840
77847
77870
77874
77876
77898
77901
77905
77910
77913
77948
77953
78005
78010
78016
78017
78018
78019
78022
78030
78034
78036
78037
78064
78075
78082
78088
78094
78097
78101
78118
78120
78126
78126
78137
78154
78161
78162
78199
78233
78234
78238
78263
78289
78292
78303
78314
78335
78342
78360
78362
78378
78378
78394
78405
78421
78422
78429
78431
78439
78447
78451
78451
78457
78461
78474
78477
78495
78502
78505
78514
78515
78517
78529
78536
78536
78546
78548
78557
78558
78568
78578
78589
78608
78610
78618
78648
78660
78681
78682
78686
78690
78708
78708
78725
78727
78728
78769
78783
78796
78802
78811
78816
78833
78845
78851
78856
78863
78873
78875
78878
78910
78911
78912
78938
78940
78947
78948
78968
79003
79004
79006
79027
79054
79060
79084
79085
79095
79103
79105
79110
79116
79128
79133
79148
79158
79166
79178
79179
79180
79186
79188
79192
79194
79195
79219
79226
79228
79251
79262
79269
79283
79296
79296
79312
79361
79381
79386
79395
79395
79406
79408
79410
79410
79424
79436
79457
79458
79501
79507
79519
79520
79550
79564
79564
79569
79572
79573
79581
79596
79610
79612
79616
79625
79627
79633
79643
79648
79648
79649
79669
79671
79675
79721
79726
79726
79739
79741
79754
79755
79764
79769
79772
79773
79789
79793
79812
79822
79822
79834
79835
79865
79874
79899
79901
79908
79921
79940
79962
79964
79975
79981
80019
80053
80057
80083
80093
80095
80101
80111
80116
80122
80127
80142
80146
80157
80172
80173
80180
80186
80205
80206
80211
80215
80216
80224
80247
80249
80249
80252
80258
80259
80262
80272
80275
80277
80279
80296
80309
80314
80316
80320
80344
80360
80393
80417
80446
80477
80490
80490
80491
80494
80502
80519
80520
80522
80531
80532
80542
80549
80550
80552
80564
80580
80580
80588
80594
80611
80616
80616
80622
80629
80646
80649
80649
80660
80665
80691
80708
80716
80731
80739
80740
80741
80743
80745
80778
80781
80808
80818
80823
80834
80838
80866
80896
80900
80905
80928
80972
80974
80975
80979
80995
80996
80998
81008
81022
81032
81033
81038
81055
81056
81061
81064
81075
81082
81101
81127
81165
81178
81187
81207
81210
81274
81277
81292
81301
81329
81337
81337
81337
81342
81347
81353
81405
81416
81426
81434
81434
81435
81435
81447
81449
81478
81478
81487
81490
81498
81520
81526
81527
81535
81541
81551
81569
81572
81579
81580
81605
81622
81645
81647
81655
81659
81669
81672
81682
81691
81706
81712
81718
81734
81737
81742
81771
81787
81790
81794
81794
81798
81803
81818
81838
81839
81839
81846
81851
81854
81856
81864
81867
81875
81887
81906
81907
81911
81921
81935
81945
81952
81956
81964
81980
81988
82012
82016
82034
82036
82037
82052
82067
82093
82100
82105
82119
82121
82168
82169
82174
82198
82202
82208
82216
82225
82257
82281
82328
82343
82344
82395
82399
82404
82409
82416
82417
82418
82422
82429
82438
82454
82456
82459
82460
82481
82482
82494
82533
82549
82550
82564
82585
82589
82598
82601
82601
82606
82626
82639
82643
82654
82665
82665
82709
82732
82752
82767
82772
82779
82784
82794
82824
82826
82827
82856
82858
82891
82898
82901
82901
82927
82927
82937
82945
82958
82966
82969
82979
82984
82984
83003
83007
83008
83023
83029
83033
83051
83054
83067
83075
83085
83099
83117
83123
83130
83131
83155
83155
83166
83166
83177
83197
83201
83242
83244
83263
83274
83292
83312
83314
83330
83337
83342
83354
83362
83366
83369
83383
83396
83411
83424
83429
83432
83458
83473
83475
83491
83494
83500
83506
83512
83512
83519
83521
83522
83534
83541
83552
83554
83583
83611
83619
83636
83642
83650
83653
83658
83672
83683
83688
83693
83705
83711
83713
83763
83777
83815
83818
83830
83838
83848
83878
83887
83895
83902
83936
83939
83951
83959
83980
83986
83989
83992
83996
84002
84042
84060
84060
84089
84092
84095
84117
84131
84139
84139
84142
84147
84150
84150
84167
84173
84181
84181
84183
84196
84211
84214
84221
84224
84246
84246
84250
84260
84260
84261
84273
84284
84297
84301
84301
84307
84314
84320
84331
84336
84338
84347
84355
84362
84367
84381
84386
84386
84409
84426
84428
84432
84432
84452
84508
84530
84533
84543
84564
84566
84576
84588
84642
84657
84665
84682
84720
84730
84764
84767
84788
84797
84801
84803
84811
84856
84865
84866
84870
84875
84881
84891
84897
84905
84912
84915
84917
84923
84942
84954
84984
84985
85001
85001
85021
85058
85067
85074
85112
85118
85126
85149
85167
85170
85171
85172
85176
85213
85222
85226
85229
85278
85288
85290
85294
85302
85334
85353
85359
85359
85361
85384
85389
85393
85393
85394
85396
85409
85413
85421
85424
85425
85426
85430
85438
85443
85461
85464
85485
85489
85493
85517
85523
85541
85554
85557
85568
85569
85574
85576
85579
85597
85610
85619
85625
85632
85636
85640
85643
85652
85670
85706
85716
85725
85747
85748
85761
85777
85779
85810
85811
85812
85816
85852
85854
85855
85866
85876
85878
85883
85884
85900
85901
85905
85911
85919
85923
85926
85940
85942
85951
85956
85964
85985
86003
86006
86018
86020
86020
86022
86030
86059
86061
86089
86091
86104
86106
86110
86118
86126
86131
86153
86163
86174
86205
86211
86221
86228
86243
86250
86250
86278
86291
86313
86352
86359
86368
86387
86388
86408
86411
86413
86416
86416
86426
86430
86440
86444
86457
86470
86470
86498
86538
86552
86562
86584
86588
86589
86613
86616
86619
86631
86639
86650
86654
86666
86678
86693
86717
86733
86736
86739
86740
86754
86761
86766
86794
86797
86805
86818
86820
86821
86823
86835
86842
86850
86851
86861
86865
86866
86869
86906
86910
86910
86954
86959
86965
86970
86970
86990
87001
87008
87014
87028
87032
87043
87102
87103
87106
87138
87141
87155
87157
87163
87165
87166
87167
87183
87210
87211
87226
87232
87233
87261
87264
87264
87297
87309
87310
87324
87339
87351
87355
87364
87371
87376
87388
87390
87395
87396
87406
87414
87429
87431
87442
87444
87447
87449
87463
87463
87465
87477
87486
87489
87512
87515
87523
87529
87540
87542
87559
87568
87570
87584
87599
87607
87608
87612
87617
87620
87625
87629
87629
87630
87647
87647
87648
87648
87652
87664
87674
87683
87688
87704
87708
87708
87719
87721
87727
87734
87744
87746
87762
87773
87774
87776
87808
87815
87816
87820
87820
87828
87831
87849
87853
87855
87858
87858
87871
87872
87887
87889
87903
87906
87911
87929
87946
87951
87953
87955
87960
87982
87984
87996
88002
88006
88009
88016
88016
88032
88047
88060
88081
88082
88085
88093
88105
88125
88133
88134
88136
88137
88144
88148
88149
88151
88160
88167
88215
88223
88229
88241
88256
88258
88278
88280
88283
88284
88287
88299
88324
88336
88339
88344
88353
88376
88390
88401
88405
88432
88444
88458
88508
88522
88523
88544
88547
88555
88555
88558
88565
88565
88586
88590
88594
88608
88621
88622
88636
88639
88641
88668
88671
88673
88678
88686
88687
88695
88699
88713
88718
88754
88757
88762
88763
88789
88816
88819
88830
88840
88840
88844
88862
88870
88880
88900
88907
88918
88929
88933
88940
88945
88969
88982
88986
88993
89006
89057
89065
89067
89068
89075
89078
89078
89082
89083
89094
89112
89113
89113
89115
89159
89167
89171
89174
89175
89180
89188
89210
89212
89220
89225
89235
89249
89257
89258
89258
89278
89279
89303
89308
89324
89327
89331
89346
89349
89389
89404
89406
89449
89466
89469
89483
89511
89523
89527
89537
89548
89560
89570
89580
89582
89584
89591
89595
89600
89649
89650
89657
89698
89701
89706
89708
89748
89753
89764
89766
89767
89771
89785
89794
89821
89828
89834
89851
89862
89884
89890
89903
89905
89905
89905
89911
89914
89922
89935
89938
89939
89942
89942
89961
89963
89964
89969
89973
89994
89997
90002
90003
90031
90042
90054
90074
90080
90089
90097
90100
90107
90118
90120
90122
90143
90153
90157
90177
90182
90186
90190
90205
90227
90236
90240
90249
90255
90287
90290
90300
90302
90305
90342
90346
90382
90399
90417
90436
90438
90441
90443
90445
90452
90454
90455
90470
90483
90490
90501
90522
90534
90538
90540
90551
90577
90585
90597
90610
90616
90619
90635
90647
90650
90653
90663
90663
90667
90685
90689
90702
90734
90748
90753
90754
90768
90777
90782
90799
90800
90804
90818
90821
90829
90839
90851
90859
90867
90875
90908
90927
90935
90937
90963
90989
90991
91009
91022
91022
91050
91067
91068
91074
91080
91099
91114
91120
91127
91130
91137
91154
91162
91167
91186
91194
91200
91218
91219
91233
91236
91246
91251
91255
91255
91286
91290
91315
91342
91351
91366
91385
91393
91400
91406
91409
91416
91440
91468
91468
91474
91480
91482
91490
91497
91497
91504
91505
91517
91520
91527
91541
91561
91567
91571
91578
91579
91598
91606
91610
91614
91621
91622
91673
91681
91698
91721
91725
91745
91753
91765
91766
91769
91779
91798
91813
91824
91872
91881
91898
91902
91954
91961
91965
91969
91971
91975
91988
91995
92000
92006
92007
92015
92016
92021
92021
92052
92054
92067
92068
92072
92074
92078
92085
92093
92109
92117
92118
92119
92137
92156
92157
92157
92172
92176
92177
92185
92207
92209
92232
92235
92265
92268
92270
92292
92309
92311
92314
92320
92332
92344
92372
92373
92374
92421
92430
92451
92520
92525
92534
92539
92555
92559
92580
92591
92595
92610
92629
92634
92643
92646
92656
92659
92673
92679
92688
92705
92727
92727
92740
92740
92744
92745
92751
92760
92764
92766
92768
92773
92786
92793
92793
92817
92821
92832
92857
92865
92867
92876
92880
92884
92888
92895
92909
92919
92933
92938
92940
92961
92971
92977
92981
92985
92997
93082
93104
93125
93133
93144
93149
93164
93172
93175
93176
93187
93193
93206
93210
93210
93223
93245
93265
93290
93306
93320
93326
93327
93344
93355
93362
93364
93407
93412
93413
93418
93429
93447
93447
93452
93456
93456
93479
93490
93491
93506
93515
93530
93544
93551
93614
93614
93622
93623
93626
93627
93646
93651
93656
93671
93672
93694
93695
93706
93707
93707
93717
93728
93747
93757
93763
93778
93779
93780
93798
93807
93851
93871
93873
93875
93875
93907
93909
93927
93961
93966
93984
94021
94025
94053
94056
94067
94081
94082
94085
94095
94098
94110
94114
94127
94128
94129
94138
94138
94143
94145
94146
94162
94163
94164
94167
94174
94178
94181
94195
94211
94217
94225
94254
94256
94257
94260
94280
94282
94286
94287
94288
94314
94314
94317
94324
94324
94333
94340
94343
94350
94353
94367
94387
94387
94391
94400
94422
94423
94429
94430
94441
94452
94472
94472
94492
94497
94506
94513
94515
94523
94529
94560
94583
94588
94598
94599
94607
94608
94638
94643
94656
94661
94664
94717
94723
94736
94736
94737
94752
94756
94760
94783
94787
94794
94827
94830
94841
94845
94855
94855
94871
94874
94890
94892
94921
94926
94939
94946
94973
94994
95003
95015
95026
95055
95058
95083
95095
95095
95100
95101
95104
95111
95112
95118
95118
95125
95158
95182
95183
95186
95201
95218
95221
95244
95254
95270
95272
95301
95308
95325
95326
95328
95344
95350
95366
95370
95417
95420
95425
95433
95434
95450
95461
95464
95468
95490
95494
95508
95510
95517
95558
95581
95621
95624
95627
95633
95651
95658
95678
95685
95699
95718
95763
95798
95812
95836
95852
95855
95856
95871
95876
95883
95886
95892
95896
95897
95898
95902
95903
95912
95914
95930
95937
95938
95938
95944
95952
95954
95970
95985
95994
95997
96003
96019
96021
96056
96058
96067
96083
96085
96094
96122
96126
96128
96134
96148
96164
96172
96180
96199
96212
96217
96227
96249
96264
96274
96283
96286
96297
96298
96310
96311
96312
96323
96326
96360
96383
96414
96422
96454
96460
96465
96467
96469
96507
96512
96517
96517
96524
96537
96537
96554
96582
96594
96598
96607
96625
96627
96638
96639
96648
96663
96669
96694
96697
96701
96708
96734
96747
96765
96766
96784
96790
96819
96822
96854
96858
96860
96878
96881
96887
96901
96909
96915
96925
96960
96962
96964
96971
96992
96995
96998
97014
97024
97049
97081
97088
97089
97095
97113
97120
97126
97166
97174
97180
97211
97219
97219
97225
97233
97248
97292
97296
97306
97319
97319
97349
97359
97362
97372
97381
97382
97384
97389
97390
97402
97403
97412
97429
97430
97449
97460
97466
97473
97485
97498
97499
97516
97517
97522
97544
97545
97553
97560
97564
97565
97573
97577
97607
97615
97638
97661
97691
97708
97724
97738
97742
97743
97748
97752
97754
97769
97778
97781
97797
97849
97863
97893
97916
97930
97933
97935
97958
97965
97968
97976
97983
97986
97986
97998
98006
98010
98022
98042
98088
98097
98106
98111
98111
98112
98119
98120
98120
98130
98140
98159
98177
98215
98223
98241
98255
98267
98273
98277
98288
98297
98298
98320
98350
98379
98384
98392
98396
98404
98413
98421
98445
98459
98466
98492
98498
98500
98508
98518
98537
98549
98552
98559
98568
98591
98609
98611
98705
98719
98725
98727
98729
98745
98760
98764
98787
98794
98799
98820
98830
98830
98840
98853
98853
98865
98868
98873
98883
98909
98938
98956
98963
98986
99005
99008
99019
99034
99038
99046
99048
99057
99059
99065
99068
99081
99093
99107
99108
99117
99118
99122
99123
99123
99138
99158
99172
99174
99177
99189
99200
99203
99225
99233
99241
99246
99271
99281
99288
99315
99323
99336
99338
99344
99384
99384
99390
99398
99416
99418
99422
99425
99434
99436
99443
99443
99445
99448
99473
99487
99488
99506
99524
99537
99554
99555
99557
99565
99570
99590
99599
99611
99613
99614
99622
99626
99636
99658
99669
99684
99685
99698
99698
99713
99728
99744
99751
99755
99770
99777
99786
99794
99808
99809
99817
99870
99878
99890
99895
99918
99918
99929
99950
99958
99960
99965
99970
99972
99974
99974
99980
99983
99986
