4118
8004
1835
7242
9941
5035
6035
6495
7209
6861
1417
4038
1096
9513
1175
3557
4006
3747
4143
3720
6758
7962
8136
3940
1322
9204
2922
5902
7612
360
2217
9105
6564
9755
9898
1403
9228
3526
3015
4419
9110
2372
2195
1351
6891
1936
7943
2736
5137
6613
9223
7421
9084
2236
8716
2618
7642
3111
4277
4360
8037
1246
9953
1098
7565
8741
127
1531
855
2807
1804
7618
6084
5443
309
8095
2754
7274
2502
5370
1689
383
7583
1557
8968
8481
811
1684
7749
5320
328
1199
6905
2271
3929
3005
5206
8862
8939
1426
8344
6045
8050
9083
6280
7844
9675
5781
4694
4431
4537
2737
7784
6028
6981
2078
3514
5067
4524
4611
3500
7833
4813
9236
4596
9109
3559
4810
5096
3325
5348
8792
1901
9749
1958
3034
4239
4677
7097
9263
9062
804
6211
2407
2551
1948
8552
6801
1767
783
4310
9668
6788
7117
5447
4246
1258
2170
9347
3924
7147
7049
9605
4503
3271
6504
7609
7649
9570
8224
6080
5476
4910
5350
232
8346
3067
8611
5611
2167
831
3452
4457
3962
3740
6538
2071
213
4914
1132
3354
6499
7827
4541
6087
6893
7024
6143
5660
5679
2409
1899
2334
7094
1121
888
5191
3161
2054
6181
3188
3394
8665
5646
7954
5404
9856
2177
7463
1710
3676
2058
2944
1861
7237
6293
2288
3254
6488
3779
3338
5073
487
3829
9331
7245
1669
1168
9162
5898
5458
9518
6520
2272
5469
5846
4051
3955
1843
2015
6005
1939
9074
821
3465
2747
8104
1935
6061
1120
429
4319
9278
3866
5333
2791
1146
4441
6789
792
4690
6461
863
9127
220
9399
9861
4818
8354
6427
9325
3660
7322
4922
8469
4078
1126
2887
7320
4144
170
6912
7722
8710
3240
4545
670
4752
4326
2565
4226
3550
9140
2036
605
2564
4486
6798
3538
8856
5872
5985
6732
9172
5179
8865
6967
1884
263
1995
6582
7866
2349
7899
9232
532
3218
1016
7761
3147
6145
9781
7620
4805
2986
1518
4636
7711
7021
7558
4885
740
1430
9491
3874
1898
8195
9082
2282
6452
3431
9864
4262
3004
7723
1918
9452
1576
6262
30
8505
3562
536
4839
7334
4013
3274
1659
167
6416
6107
3003
3377
9493
1043
936
7633
2613
2465
6312
9670
5512
1748
4824
8698
2371
7014
4124
930
2182
2380
4834
5467
8917
3897
6172
8130
1228
2726
6751
5854
4217
7248
3026
2568
1828
9921
3976
1714
4837
9930
9751
1357
9197
882
7199
9925
711
7813
3769
1904
332
1493
9799
7226
1559
7650
9245
997
8738
8118
2261
1954
8116
2456
6478
8509
5003
4440
7052
833
7315
2345
6736
8151
2077
4141
8400
9764
1854
6225
3975
1004
7039
3621
9784
901
753
2223
4190
4737
8071
6715
6094
5225
5116
2725
1369
9311
675
2713
7391
9165
8749
1826
9176
258
992
8828
9215
7683
6393
4325
2487
2075
1573
8578
7869
8566
478
6630
3407
7811
786
3039
254
9697
3737
5501
9770
6232
6369
1766
8733
217
2681
3713
1283
6505
5423
1302
3973
7473
5164
1060
9606
4841
873
8472
6969
2638
2803
561
5836
5712
6188
4083
6350
1160
9828
7591
4203
7349
6006
6345
7137
4755
1364
6462
4379
9699
1182
1149
3199
6169
7317
4073
7774
6483
534
2733
9983
1697
5324
9797
4788
6027
7817
7871
1607
3456
5071
2956
4828
7031
9271
7789
4969
1810
1999
9665
8661
6567
9142
4225
2112
1530
4951
6011
9595
2866
958
6744
152
4015
574
5336
6477
2819
340
9131
85
2738
1991
6268
1023
8724
3088
2520
9547
8138
9047
5605
3412
4296
722
7145
9673
8872
9481
2860
4343
9441
7741
4868
1468
163
4237
4990
5881
60
2698
6945
9934
5059
403
5802
9251
4804
6763
7262
5235
1490
1260
2087
2674
8295
2387
5595
7883
2200
6621
5087
9319
6118
9588
900
9136
5222
5828
8322
3589
4533
5760
7714
8252
3986
119
1558
8345
6970
9379
4559
6111
6960
9988
3165
3936
5173
3479
8446
4710
9124
5965
6132
7990
7715
9881
4041
2844
5226
9667
1858
1709
5657
5425
8162
7224
4872
6871
2048
2973
9265
643
1612
8374
603
8574
3615
1699
562
9984
7710
6919
9625
4168
4996
5860
9100
5281
9683
6791
179
8713
7822
986
3041
5991
2452
5588
998
2646
3179
7824
4359
8601
8725
7799
3342
5398
4575
1832
9976
8977
9230
765
4091
9748
6874
5504
4374
7986
7672
6120
3789
5361
9431
5307
5377
5085
6320
1008
3427
8976
5246
79
7285
2009
7525
1382
1772
6089
9290
6533
5233
4625
5640
285
4401
9816
8359
5560
2335
5796
3009
838
1718
172
795
8214
4639
2097
5554
5907
8758
5616
9806
5005
8874
1285
720
9446
3411
1873
4723
9906
1744
6466
4117
463
911
2782
2836
2130
3525
9324
9644
1370
1366
1224
4549
5341
9293
5237
190
1620
7296
8673
7854
7959
8974
6496
2975
4529
5714
6367
8822
6287
6992
3386
9423
3410
2798
3437
7499
3404
8639
3817
359
724
4286
8332
9405
6425
2310
2652
830
6146
6509
4368
4891
842
4943
3997
3843
3877
621
9234
6164
1806
3277
7630
7530
3583
2920
6408
9627
7453
8962
3290
8785
1235
7987
5596
9320
4942
6932
2284
1887
6578
3398
8568
3570
5726
7851
4530
1504
8058
2165
6186
6606
6916
9291
7142
9159
5198
1933
2928
5689
1085
9437
1989
9688
6942
6904
123
2495
2721
9839
9253
2027
4528
68
701
8617
2913
4293
3327
5494
6986
983
609
9851
6600
3581
2160
2552
5865
5193
7076
3281
5367
8048
3269
7588
9138
688
1198
2386
3899
8820
1365
8219
7018
9406
3370
3724
8772
1575
9765
9264
4638
1374
8608
1458
7764
9877
9001
4594
6604
7828
8763
777
8779
8171
9827
3812
296
2084
5885
7659
4667
7390
5834
7661
4034
1640
3690
4462
3956
2804
5876
394
494
4948
5507
5950
5590
5792
2911
6827
6848
808
1072
2046
7176
4874
9255
1648
4109
3156
4961
9587
3384
4302
5388
6128
5889
5749
8520
2761
8603
5303
7279
7449
1318
7111
6951
9800
2057
1675
1945
4153
1255
2587
7146
3051
5383
912
4324
8610
2550
5845
2637
6449
8324
5515
7668
1180
2110
5162
2642
6720
558
5855
1629
583
2385
6739
4641
9345
5870
1425
3697
5911
8451
7726
2126
1825
514
3099
2402
361
5728
8994
8164
9101
5284
7521
7699
5946
7028
1860
9819
6342
7405
7897
9202
1392
1880
8430
5642
8093
1706
6940
9033
2869
2150
5847
3122
7016
4514
2999
2694
8283
594
6935
9188
3488
7351
3671
6795
7578
5263
8991
6020
8403
8685
7531
9222
991
5434
6603
2708
8083
9150
5924
9542
4485
8127
3927
3802
5461
847
9705
957
4665
1383
1074
1707
9820
2281
2521
5539
1439
4212
6473
3783
9959
8222
6428
612
4477
3130
5939
8533
2672
3707
4691
7825
1507
4057
4299
5942
4235
2044
5416
9189
3678
9848
4012
5445
4136
339
7387
5410
6159
8196
2518
2876
9724
6745
9599
2671
9609
6050
7458
1437
6156
1119
560
990
6631
7762
2755
5878
3217
9706
1440
4282
713
590
9079
656
16
6965
7098
7670
3586
3265
3266
8267
1721
7617
601
1765
7616
5432
3971
8342
9608
2228
5167
8198
8133
5570
1229
5182
9200
5684
9888
3166
372
5703
945
5922
2566
7638
5727
8782
5046
1677
3584
4480
6909
5628
1862
9282
869
9967
434
8373
5365
9873
8961
591
7150
8380
6552
5287
9891
1464
1204
1457
6054
3686
4100
240
2127
1188
7970
4227
6814
292
9919
8569
5289
938
9323
8477
1190
5081
4017
9492
2742
8734
616
1231
9276
9798
1759
699
8542
5127
3314
8965
8883
9434
4332
3459
505
5672
121
7044
3140
7061
5175
7388
7208
8658
9956
5864
8084
3813
2640
3013
8953
101
7493
9386
4079
7312
9992
3520
4939
2341
7522
3937
7238
2624
8234
1197
5957
9456
1363
3806
6358
2449
6426
4180
3618
6570
2475
7266
2301
2309
6653
64
5625
1733
4349
2639
7787
7046
5506
5374
6069
8209
9524
142
1604
4288
5463
951
3078
8254
2787
4335
6746
9548
697
6251
5635
1089
19
3965
9019
2353
5106
5438
6323
8998
7138
146
5371
7751
6198
1313
980
7875
5813
9621
6448
6214
4356
3539
5652
5502
9193
1737
6963
5643
1889
1048
6978
1032
5662
6119
8895
2817
115
4065
2525
7273
585
8025
3819
301
5484
707
5352
8963
7689
5209
6884
2050
2069
6972
9060
2607
5724
8946
9597
135
5391
789
6414
6217
8687
7729
6464
5079
6304
2181
3422
1487
9419
1900
6742
7601
9116
1821
3186
2714
7130
3869
9952
8679
6503
2936
9080
9550
8170
9563
6608
1550
5001
8007
6734
2153
6741
3917
5344
1750
6165
4505
2138
887
835
9713
826
6157
1574
7712
6352
7251
9801
4243
6703
2727
3442
491
7433
7543
1372
7653
7848
7380
5778
9905
599
3138
4905
9394
4223
5531
3923
7360
7944
6534
6277
5227
5043
762
623
2575
7159
1708
6357
4347
272
3822
4231
246
6307
1422
1127
1836
8656
6710
7444
3885
4508
4058
5313
4944
9635
8165
3062
4451
9214
1910
3148
8633
11
8667
7467
8168
7073
682
5973
4982
9562
2137
7038
6841
7081
2163
9280
7152
1663
8407
5468
5764
7302
7637
979
6180
3851
2227
2249
5428
6085
1202
3663
7012
1955
3176
4337
1212
5645
8826
3715
8237
6385
9522
9472
212
2155
2794
9118
8635
6009
7655
6641
3117
913
5493
8163
76
743
4160
4960
1510
1645
2834
9269
5930
6316
5779
187
1787
1522
7730
2501
26
7202
198
2780
462
2358
5272
9631
8993
4938
2506
1020
8362
3646
8577
1000
8100
2651
850
8428
1824
4307
6017
6592
2276
600
663
6589
4716
8419
4849
2809
2115
1062
5109
5442
9261
769
4334
521
7160
4261
6442
5393
943
2763
4640
9717
3546
4900
6756
1398
2964
805
6078
3578
8244
6619
5702
7232
8784
7906
2825
8765
8788
6481
8188
8135
2118
5007
2476
9183
9841
7462
1107
5309
3846
3652
8525
1405
9435
1028
9623
395
8098
24
780
614
5019
1201
9133
2021
9837
4351
567
7706
1128
9958
2930
868
5725
2424
9284
8215
3536
2323
6568
3306
9139
9950
9328
7364
6880
7776
4997
9991
3193
5354
5888
5197
3076
4329
5789
8073
6627
1321
4840
242
5236
6979
2229
4954
8216
8176
3235
6658
7427
9028
8197
5157
6117
7134
1080
1544
4647
7603
278
3920
6482
5126
1499
501
3021
4516
4945
8920
3159
98
8099
3863
4605
5022
1078
3862
4699
3501
8360
2401
9027
7241
635
961
4291
6873
3348
9753
4574
6391
3984
3970
9579
611
7337
8541
641
5158
8123
827
4558
4882
9145
8907
6542
8309
5091
4303
9669
899
3383
7
4433
5618
5254
6434
3556
8280
2992
8715
1657
7759
5010
6681
7358
676
1938
1730
917
9505
2612
375
7855
8137
4342
4674
1809
9624
4833
2086
3221
5120
8140
3946
4672
4228
864
902
191
7626
2142
6996
6395
4532
3002
7393
6479
6743
5086
6302
8655
9876
8553
5633
3182
5474
9870
4127
4471
5295
8805
5919
2666
9696
5074
1632
7767
6708
12
4446
3785
8630
8049
5372
5234
4171
7589
4880
5068
4894
6179
9907
4364
8349
5884
1655
7432
9220
3335
8615
154
2355
1308
3082
7821
3137
9256
6123
4000
2958
9695
7692
2275
8318
1471
7332
9350
9970
9653
2248
8490
1736
3699
6697
8225
7656
270
9339
8310
438
4071
6458
6492
6423
5681
7240
1470
4389
1720
6249
5578
377
55
5373
6548
3022
9147
907
8582
3711
8019
6439
2686
7243
6895
9288
5290
9157
9368
4573
7114
6913
1762
57
5419
9878
8152
7532
3060
1798
6147
2970
555
5457
5412
6686
1216
4826
9208
2041
7658
4403
8645
3417
5824
4688
7271
1776
7195
5932
2549
9149
8657
2314
9809
5375
5562
9213
2579
6040
5958
9373
8746
2451
9923
8868
7613
2416
1905
6887
7193
2849
4146
8167
1726
2270
1337
1404
9666
4832
3012
7800
8185
3800
1125
2370
7801
7823
8816
9480
7671
7376
1829
9663
3642
1483
3572
9334
470
6572
7083
8650
5668
9285
9198
4998
7870
6868
6783
5299
953
5673
5201
5172
727
3928
4375
7218
8182
9938
7904
2512
8351
4101
8335
8423
2569
4707
3326
7347
8720
2988
8502
29
4702
9965
4115
9192
3007
9745
7666
7662
4297
6957
4807
7894
2856
8307
2067
1519
8242
7770
8301
4576
1777
6816
5979
1853
1017
8285
1583
4077
3833
5187
2728
5444
745
8343
9015
8586
6862
5190
8294
4815
9259
5066
1592
7482
6673
3522
6760
9949
5013
8871
6930
1373
4094
7559
5591
1781
8052
9810
3595
5119
5533
433
5687
1362
1623
4395
7927
8336
6202
2561
6246
1962
4316
8062
5794
3766
1152
1534
6285
4412
9366
8969
2706
5473
4024
1668
7803
7757
2941
9544
6911
1338
7125
7035
1024
1871
2669
8684
9462
1
312
8879
5990
9835
8311
5395
3376
264
1178
4269
7469
7982
3406
3985
6549
9005
8512
6321
3380
6250
1498
8597
872
1613
2083
3222
5241
5264
4993
8591
1815
7760
9780
6463
490
8585
1173
5783
9341
5052
5224
4635
2012
8205
6166
2605
2629
9051
1662
7716
4890
6289
3549
1650
7127
228
4322
6908
9092
9516
4147
4214
9485
6647
7940
1956
3400
9920
9593
6234
9346
6622
6126
5688
8078
409
7053
626
9792
8949
2066
6025
4560
7768
7955
7682
6753
9392
9916
7299
8832
9352
2321
633
2675
8364
3296
2895
7614
6407
779
6640
4731
290
2653
2267
5665
3057
3941
6966
3889
3645
8781
2265
7893
4049
1859
3860
3582
2432
6018
3809
7684
5713
3198
1572
2905
7526
4588
5318
4473
4362
3392
1755
5892
7508
6484
5607
520
881
8290
244
966
1818
8492
5935
4204
2893
8717
5505
8119
4799
2851
8921
9872
3248
2186
6936
8287
9626
3537
5986
1627
8700
922
6544
3029
9066
1099
2573
2896
6191
8864
9217
5282
9469
4902
130
2188
6219
8651
5996
6946
690
6012
6614
1067
7709
8647
6762
1800
5954
43
4883
2191
4192
52
1145
8202
1703
6134
6892
2431
7438
221
903
4931
2011
4598
5997
7033
8663
3974
6901
988
1164
8399
2974
6292
2469
5114
2234
3298
5212
4758
3814
9108
1143
5953
4920
3629
5077
9314
486
1256
117
566
1953
985
972
9802
7648
1610
3317
4538
9418
8273
8760
9642
608
3811
4562
2378
755
5795
4366
4275
2626
5737
5519
225
9226
5823
2985
2448
3912
5327
5883
8934
2784
1005
9313
5433
1257
553
672
760
9381
7167
1885
9078
3279
6831
7924
1616
7041
6290
2805
8012
5666
4047
904
8378
6229
8027
349
6135
4009
9233
2390
4081
5745
6168
1167
2542
173
9126
6961
3228
3771
5154
1654
704
9556
7736
6974
6055
7470
4350
2038
6611
2872
3749
5259
5603
4877
3770
3070
4865
7669
5239
4860
2921
5376
7717
732
3835
9307
3337
3672
4461
9640
820
2741
4393
6689
8333
5155
5535
6401
4619
8172
4289
1769
1845
6422
2081
8303
1270
2450
4414
112
9094
7995
2968
9535
3064
5803
700
3761
8795
4507
2350
4870
3505
7381
4999
1789
9539
1837
5497
4255
3469
5435
2499
7310
3754
1281
3692
4198
222
2832
7115
7881
6022
9422
9494
8459
7069
7816
4937
8258
4312
4031
1693
234
8704
9980
3531
8489
8026
7290
2316
2619
5739
8076
3091
214
5253
7246
3827
2486
8922
322
2176
160
7507
7135
1219
8417
9095
8624
5315
4782
5572
3189
3205
6973
1513
3994
65
4385
8148
3848
6502
2744
3695
306
3881
7771
2453
4980
8992
7852
3360
7651
2375
7702
1090
9218
3334
2792
7839
410
764
9283
1298
5691
9277
3184
5548
1966
7378
6837
3573
4263
6392
6382
8479
2116
6759
9449
4927
2796
9791
9468
7785
3295
523
2660
7260
1700
6804
7511
3841
7338
2420
78
5188
3717
920
6100
8030
1969
8236
5031
5280
8942
9111
2540
8435
9520
1040
5029
5566
6500
3887
1678
7782
5523
5690
2426
2682
4844
125
8833
291
2305
3916
4526
100
1778
9064
2897
971
7590
5065
5008
2840
7056
4284
6412
989
918
1247
4097
3044
2139
1316
4087
8174
6144
9043
5768
3888
1443
3089
9054
9986
4050
8947
8458
1717
7459
5317
525
8886
2376
9804
6139
1459
1619
5875
5385
8511
1752
148
6792
2702
7223
4187
7258
9225
9413
1015
193
8884
6046
237
5563
3330
7900
5700
310
271
3553
3721
2557
6049
3925
6112
8757
457
7369
5851
7093
4317
2277
2342
3942
4028
2354
5974
6635
3409
2770
7101
9421
1416
7837
3805
5455
1633
3714
1501
3378
1489
2039
7336
1273
658
7419
5593
905
4142
177
4726
5816
3780
2519
2530
9026
1555
3872
7556
734
7090
9224
5970
5170
5604
8157
550
784
2030
3631
7370
7235
5630
7107
6337
785
6388
6071
5016
4479
5910
6359
427
3857
4373
8780
7506
8107
2018
4906
7015
3709
1463
5460
9135
7945
7261
2250
6872
6988
5218
7443
6610
2056
4589
9995
6101
8834
3112
3677
8385
161
3258
7048
9241
1388
4907
2735
6033
162
97
8952
9117
857
1276
865
2257
2710
7143
2760
9203
4634
3830
126
9008
8475
6467
6013
7524
6311
4213
647
6602
9354
122
3521
3371
6344
8817
793
2572
7412
8438
806
4616
8416
8933
8854
6989
2867
3139
6508
1683
1039
2212
705
8555
6591
9171
3361
1297
5160
1003
8006
4736
5111
113
7468
6733
9571
5785
3397
1893
2480
7256
2980
8452
1817
3308
7864
9664
3758
6110
7840
9121
2553
3767
7580
1055
9318
2826
2700
103
1686
2074
9443
6807
2274
2695
3312
37
4687
2428
6065
7272
67
2981
2457
4469
8841
295
7494
4411
3568
3960
1139
8636
2178
1942
7063
4561
4183
8945
596
5769
4751
6555
8102
8265
4090
5207
2635
9738
816
6983
8092
1472
7747
262
4652
6662
5491
4808
7456
1537
1460
3540
6471
1038
3024
3069
1922
8142
8427
2948
4838
6722
5490
5113
2203
3918
4918
6987
6070
2216
7673
7911
3844
1543
8598
8376
2558
8523
9316
4609
8051
8450
6294
8431
8678
894
4851
6670
914
2473
651
3001
6073
7660
5887
106
6692
4219
4564
9788
318
8839
4930
5695
5205
8692
8787
7361
3163
4663
2777
1732
2634
4729
710
6922
5098
2140
8281
6674
7879
3685
2285
9583
6149
9279
6679
4917
4971
967
1455
3329
1334
1042
8900
9737
4509
1897
3120
6064
6283
7006
2393
9475
7996
398
5744
2940
2042
2720
9430
6378
156
6706
5095
8474
8546
5379
9586
8666
1713
1812
897
6574
3873
6655
9031
153
5345
6612
390
1124
4254
3654
1831
9168
9776
4578
5165
180
4591
1923
4185
6980
6335
800
421
2447
6629
7488
277
6899
8729
8041
488
7252
4871
5271
2190
9566
921
2891
7464
3882
5061
6931
8708
8535
1883
974
8039
6607
1593
5551
2164
2005
7156
8527
8960
5622
8313
7158
5905
8705
6195
2002
5897
287
9687
9875
2392
4175
7424
4773
3706
9487
3486
9477
5331
4991
7439
8175
9929
4511
2531
6288
2
4593
1792
796
6998
6108
1508
5528
9937
4292
274
7949
5987
7333
7177
6843
36
3264
8186
3489
5153
1790
9740
1368
1521
1546
6560
6910
3723
2062
1601
1688
132
1052
7765
3613
5141
4970
2405
7967
3173
8588
1130
3594
7917
6638
5735
3101
5544
1682
1797
9718
8173
9298
7555
362
4664
8040
4759
2065
2827
6779
3661
5083
4369
2332
4400
3623
302
6109
5647
8212
2839
6661
6383
7624
1355
4780
7221
273
6639
331
1047
5670
8304
7820
1615
7841
1073
3272
5567
416
3223
8068
1263
8815
1569
2951
7537
515
7690
6726
3110
124
4941
151
565
2161
6001
5723
9789
9636
8339
5894
6811
2748
1327
8606
4459
9951
6885
7769
2919
6773
691
218
2774
2509
5033
4121
9645
158
8538
4650
4458
4229
2659
8776
2631
9154
5908
1026
8980
7163
6511
1838
6528
8891
8239
1974
6325
9652
8691
2367
6267
8250
3736
5920
2322
4306
5322
5456
3730
18
1529
6775
9194
175
7019
4563
1122
1136
4
5858
4264
3662
8870
8388
23
5169
5925
7503
4435
9106
2382
6623
8668
9294
2746
2240
3171
6698
4376
7971
4704
38
5064
2035
2942
1869
9357
2331
159
8243
6829
6554
3077
6077
4653
6695
7489
507
8803
4080
63
7561
1867
102
9338
1279
6682
9844
3574
7929
757
528
3177
1068
2189
5589
4504
7623
7084
2100
7096
2632
7794
216
8565
53
7527
3880
6305
2504
174
4572
2912
1223
455
3527
8156
8382
3214
5265
9034
7057
1413
4344
4026
5966
6016
7070
6034
8478
7072
1094
6197
3045
5937
7484
6581
1637
3577
9301
6620
569
5176
3150
8032
7092
7791
1046
3651
7923
671
4791
7708
4188
935
4886
1903
2080
9541
243
5039
7445
6256
5181
4701
1311
5841
3896
7705
6633
7275
8262
4987
7194
7858
7922
653
7162
2570
7431
7074
3035
8739
6721
5496
2435
952
1514
8372
9964
402
7104
5718
1034
3096
1391
1895
8573
3755
5382
7179
2858
8889
9476
5934
509
5177
9306
8497
4052
6532
5820
8086
9779
9701
44
8587
1716
1208
3037
7191
2571
4822
5180
5817
9141
5558
1328
49
8065
628
8178
7359
5459
2455
6399
7942
8524
7400
1114
4438
4290
9526
9148
7814
6820
171
406
9629
4019
7946
3824
5631
4655
6854
9227
7365
7604
314
9909
6835
7060
7783
1865
6260
2446
7417
9853
5146
6954
4210
84
3059
8975
6239
4601
3252
6193
9090
6902
3255
1621
8677
9596
8695
939
1088
1171
1395
1779
544
1331
584
9013
3765
2841
4276
9554
1535
8395
1245
3462
1799
6086
9620
6394
5260
5545
9401
5319
6451
4959
3886
485
6898
7269
1685
5943
1215
2369
5747
2144
4845
9463
6370
6516
3750
7007
7581
2090
6257
7695
3237
5011
6624
3083
3839
8153
6360
7270
8476
8766
5952
3303
415
9310
3244
2329
4387
391
6818
1306
2289
5767
7933
1381
6797
4420
2368
8218
374
3804
6512
6566
846
2797
2494
5540
1928
4539
1920
737
5536
9478
7120
7077
6336
9721
2546
4613
819
431
3756
247
695
5464
916
9270
2262
1221
2749
9170
4864
3949
8951
2346
5075
4644
9933
712
203
1742
233
2312
4483
1462
1952
9574
3382
6747
5392
7392
8398
2833
4365
5166
6210
1414
9726
6675
3092
5693
3216
9037
8415
1912
7161
168
3075
4955
248
7395
5904
8338
4378
4273
9016
8726
3604
5674
1770
829
6136
9402
3288
3868
363
4957
9185
9474
8988
3276
7842
5021
8659
588
2709
3542
1807
9396
4271
5208
5555
9312
7233
2412
6527
3854
8632
1562
4863
8850
9387
7918
5773
948
8808
3305
4675
6010
2982
3903
3734
7382
6665
1442
1387
4542
3808
7598
4935
3625
5178
6455
9886
493
1367
6609
1774
5228
3365
6489
3909
9931
1681
4676
5213
4627
4348
2623
6418
6712
6258
3181
4311
5103
752
9693
3323
8937
4202
6029
1446
5765
6331
8014
1788
2101
2004
8081
9281
4216
35
8461
8251
4769
7398
4967
3085
9734
3073
6253
4631
7136
6354
6680
2198
4744
8126
8688
1961
6030
3311
7796
4623
8941
3144
2810
954
111
8134
6002
2577
1937
3212
9703
5587
364
5386
1092
3372
8437
4063
3653
7418
2567
3599
5129
8371
1656
5694
2022
5053
2263
5099
4717
7207
8352
7907
1291
8621
6546
7903
1142
8220
8732
8350
4778
4695
6991
3408
6095
1967
9739
9160
2490
8189
5378
970
1409
8429
7121
3782
437
6853
1117
405
3340
9910
5895
6593
4654
3445
7665
5048
4586
393
8932
6938
6332
7829
8564
1680
3430
7756
9855
2524
1203
9361
5650
7027
6105
6939
3939
5776
4881
9572
7880
7175
7010
6351
1009
8809
54
21
5842
4428
5359
6990
6207
4812
4924
3187
2740
2187
8984
8413
8312
319
9719
4070
4266
9333
7815
5721
341
504
996
7119
7087
6782
4076
8530
8418
448
3689
548
1029
3627
5452
5759
399
2293
3491
9743
3450
8966
7845
3564
5274
9610
396
1262
3842
543
3353
9763
3056
1086
2244
959
1532
4039
8187
376
7034
474
1400
3616
3210
1930
1007
195
1971
3145
8986
2053
2193
8843
9509
8487
8149
5118
2991
7422
1444
451
400
5357
7112
8910
7518
2801
3466
5150
5449
7319
1108
7947
2987
5058
8771
9342
7399
4947
87
774
4099
4590
4003
9040
2034
8124
9484
7086
3668
5826
3256
6563
9634
3484
2773
4763
7541
1053
8227
3116
4170
1431
1340
9221
9358
1775
286
5790
6121
8770
4470
8931
4257
7939
4391
5913
1036
6519
2647
1849
3473
5993
9411
666
6319
6764
3935
8676
8644
4806
3418
3560
3249
1622
7742
5261
9962
3040
7373
2625
4251
9756
2606
5092
4555
8626
1241
5025
8764
9195
5962
1963
1515
3587
3908
6498
7571
9529
6125
2383
3693
1917
2396
1466
4669
8125
2307
7980
9273
1795
9390
1232
6003
5933
3299
6000
3063
6865
192
4045
4506
6599
7737
1341
4110
5989
9540
1672
1159
788
9407
7491
5664
4105
4274
4520
6577
2483
7301
9659
6985
4495
88
9439
1233
1002
6728
7807
2668
4131
5669
2800
3781
2001
9704
9503
93
7966
92
8260
802
1339
1277
5982
2562
661
5250
5032
6052
5430
9758
3230
5580
6858
2454
575
3732
8882
8602
9219
9825
3495
866
3049
923
9089
3413
3103
70
9575
1213
7116
9180
1855
3275
4088
413
4984
7259
2082
2095
389
1512
6374
5928
7560
3423
5402
3094
9611
344
42
7480
7172
8919
6636
9565
1138
6347
3310
8473
6993
3245
7896
3978
9978
1243
2033
7548
7340
9482
7311
297
5655
9410
6440
5306
3816
1239
8404
5564
8047
1084
1292
6688
6994
4330
4405
7997
6240
2822
2757
8786
7546
1187
5929
867
5840
9759
3528
7641
7882
7283
9326
3774
8595
8241
336
9382
445
7318
1611
1058
9742
2340
8790
8480
2831
6224
4790
742
6669
355
3109
7533
717
1943
4753
8059
1600
3453
754
8777
447
6284
8513
5814
230
5243
1069
1492
1639
4746
4637
7457
443
7956
3132
7200
8010
3183
7635
2222
8383
6184
2417
1091
7064
7860
4775
1033
1218
1638
2545
8516
5057
1785
9795
9525
8811
3231
411
2333
2578
4772
3211
6877
7100
3948
186
9655
669
7735
3169
5390
8930
1602
2089
3206
3911
8411
8213
6879
3079
1450
8
4443
8046
8581
2063
3105
6346
1617
4536
9035
6714
4493
9196
8470
2400
3597
6203
4137
3379
8144
6096
5761
9166
9107
435
8326
2753
3121
1719
275
1711
118
9466
7495
7993
9690
8759
1597
4692
9584
2574
1012
1288
856
9115
1401
8807
2441
8468
8166
6929
3828
5835
4853
9007
497
2458
9041
4488
7153
1025
1960
3561
8453
2125
4001
6142
5565
5040
5038
5034
1106
9297
7352
6663
6934
3321
4884
8594
5004
5217
2775
3292
6062
9155
568
2722
9671
7778
7538
1385
5977
3710
2786
4608
9746
4915
6456
1857
2505
4279
7282
2522
8096
6701
5830
6380
5896
7891
6944
9960
3482
527
4544
744
8539
1275
370
9777
9049
6691
4384
2264
4417
8233
3757
2489
8567
4345
4972
8913
1399
1842
9163
1177
401
8266
5571
4735
8414
6950
4595
5549
3703
6740
4534
5983
4904
3058
771
8544
5422
7314
639
5868
7914
8613
1299
3777
2976
5356
1840
5471
7017
9894
3634
422
1664
4247
219
5381
5335
8066
3368
205
6272
9990
5124
9113
4958
9558
6349
1154
7278
8596
9296
8570
304
5772
9002
7847
2020
6218
8996
1784
7608
2207
6201
6806
6845
6026
502
5168
5316
3554
6876
2842
6866
1465
1014
9397
7040
9375
7865
1161
9268
7411
5671
4491
2657
6024
5387
1886
3136
5586
1183
2395
8652
1578
4612
4253
2108
9657
5511
3541
3341
3999
3322
2436
645
7639
2511
3315
4515
7634
2743
5705
7303
2614
4742
3200
3470
7401
3359
6245
7676
6878
3273
8365
4718
2478
5036
7744
9880
5798
1081
9869
5623
6216
9580
1336
9918
8918
1293
9866
2627
7861
2673
4862
5171
5573
1469
573
8361
1503
6823
2238
8494
73
6424
618
1429
8179
1272
9248
6667
9922
9852
201
3728
7326
4016
5837
5988
7804
5819
5517
2017
1577
2789
4579
3969
9096
8504
4580
2172
8653
4448
4372
9151
667
2099
8003
1594
9502
1050
2924
5384
5485
2411
2318
9682
82
9874
3485
6330
7808
4670
3904
4724
768
9786
9607
8954
1692
9372
3763
5258
1307
2134
5680
7681
5133
6659
3185
7685
9686
4249
2778
1852
3441
9501
5030
4521
9908
7570
6282
9961
1505
506
1551
5245
3294
6376
4207
6060
2909
8979
2146
10000
4267
2061
3124
8706
4777
9557
7437
8877
2419
8292
4817
6707
7355
7099
8074
378
4552
5380
1712
6170
5450
9438
3575
7257
3444
5221
559
3563
7404
6270
9998
4092
2776
1135
3907
235
2174
2661
2925
1174
1266
6429
6362
8117
4340
8694
369
8017
9415
9242
155
8680
9440
849
1687
5984
9545
197
8402
2430
1725
8534
6583
7429
5211
4633
324
8866
5734
8305
3373
2235
5771
3567
3401
5328
464
5296
854
366
3852
2595
4540
4525
209
2327
2690
4085
8614
2861
7853
7343
6208
7497
8150
8892
9915
7754
7050
7843
3867
1163
4500
9975
9305
1390
4720
965
6812
7078
5088
3345
2654
9427
3014
9821
817
3788
6365
580
2472
9968
2962
9754
9515
5981
725
3357
8838
4036
7574
2873
4194
1282
8235
4764
1319
7155
3858
5610
9173
9766
5302
8929
9383
141
3640
9785
6808
182
7354
2929
4436
1907
3748
7693
6038
4209
9174
6411
7254
2926
8518
1209
6984
9564
4821
4584
7912
9728
7144
3684
1547
6431
6958
444
3243
3739
1214
763
5219
5314
5121
1988
8409
8836
3055
9633
2317
20
8690
5627
4843
5732
5407
284
4224
8496
2903
908
5110
7441
4200
7950
6543
1191
492
8422
4418
564
8958
4823
8005
1756
5542
7597
8561
420
8609
6924
7280
9010
3259
379
7552
4802
9003
9944
893
3793
4852
2914
4361
5214
5775
1071
8851
2085
2171
1879
2515
644
1644
7133
6510
4745
2283
2993
8893
5812
4339
3362
2904
1408
7957
7131
9332
2133
6625
4683
2889
7582
6668
3278
2251
3840
8397
5600
3773
6730
7185
2121
6586
9412
2496
9455
7124
4382
3991
450
4138
673
3282
6776
7862
8990
570
1986
2868
577
4519
9709
6855
4668
6183
8835
9568
5678
824
9882
8890
9050
210
6768
8160
8024
6318
5613
2594
3019
7344
9012
3153
874
3435
6713
5682
1181
4803
1599
5710
2037
5321
2185
4111
3797
7047
6338
3080
1874
4010
516
1361
5148
484
694
5138
5612
6735
6372
6531
22
7731
8405
9457
1587
4556
5513
915
3016
2280
1947
8184
4256
751
9996
9414
2628
3448
2947
9829
1211
5963
9926
5553
4148
1063
2724
7379
4208
3320
7977
1435
6093
6864
759
4709
2197
6417
1236
6562
766
7688
7981
2242
3719
7545
7732
2247
3958
4876
5283
5606
4988
9680
8022
4711
3878
1184
8559
1934
27
3261
8286
706
877
7022
8369
8689
1169
8434
2421
9903
3457
8627
6058
4478
3775
995
8894
3155
8067
9070
3126
9249
8709
2374
3454
7513
8284
2829
7528
2028
1473
6506
7085
9351
8271
7129
1010
6469
6404
5514
4233
9619
9911
6313
1423
7605
8972
926
8742
2016
6430
7394
7004
4408
465
3772
1379
9289
5094
8054
8253
6274
6867
7621
975
4985
8445
9038
5196
8887
7331
9075
1758
1525
8340
929
7925
9260
962
8061
4429
6403
7284
1271
6243
6081
3585
3215
3167
8193
3502
3201
7584
8396
5131
5431
1691
8466
6615
3027
6536
571
2539
4602
8420
471
6815
4517
2996
1438
8211
6539
6059
3698
9914
1705
3152
7341
9778
6537
2467
371
4245
4713
1265
2471
7599
6264
2915
178
3333
229
5145
6
469
3532
9275
5697
5609
9365
1929
4968
298
613
1878
4328
1356
5763
1524
8029
3028
7109
9052
7873
8702
9814
1323
6915
2602
5636
2243
308
4059
7059
7011
6468
4437
9543
8230
5499
9144
8483
5891
9207
522
2533
9969
6890
1113
7738
3128
3871
8105
2213
8806
4398
3701
9632
5288
6266
4577
2460
8506
4798
8604
3637
1704
5538
8495
8761
8169
6480
619
7509
1802
2696
6959
8203
8042
809
110
4606
4671
7490
3669
7645
9594
3743
8744
4727
8384
3990
4206
6597
4439
749
473
9459
9830
56
8121
1676
7368
2433
947
6774
2949
9356
1932
4567
4309
6333
5704
6031
1274
8959
7872
1844
7054
2806
778
2615
1192
1196
8064
9807
1567
2423
4046
4151
3207
8448
2326
1495
4075
280
7607
2211
6920
2586
5584
709
8938
7496
6171
7154
1882
441
3944
3751
1780
5649
2157
7113
1652
8464
5
7450
4779
3670
2159
4022
2241
4301
2591
2136
2853
4786
4715
1037
761
7102
1044
6817
9573
533
1343
1452
2154
5736
1242
5334
4932
8964
9769
1415
3784
456
1244
5339
2633
6199
8381
426
7941
6075
1863
5683
2701
3220
797
4390
803
9077
518
1375
5149
6517
6752
5310
1581
9733
412
7415
6943
2468
9486
4114
6569
2092
8902
3042
4617
4855
9400
4048
2219
5163
6137
2106
8269
7748
748
4659
4696
2096
2384
2997
886
7309
4866
6790
8812
1476
289
5815
4135
7106
9072
5811
2373
4353
3555
4523
7013
1679
5762
472
8848
6786
3922
5951
8501
8009
9250
5080
7384
8875
4460
4145
8590
6579
2500
6926
1595
8278
684
6329
3238
3293
5656
188
1402
3344
4657
7602
5914
1156
9723
3694
7539
414
4410
2183
1326
597
2226
5509
1822
7876
7397
9591
9672
4732
2636
4396
4409
1528
9104
7487
5738
9085
6584
879
7615
2768
4179
4152
1434
7788
1833
5585
1342
5024
2752
2336
4250
3000
5617
2135
4119
6949
6501
1881
6664
7805
1796
3533
8412
1346
2972
5750
606
1990
687
9567
6618
1110
5959
9865
3964
6802
7516
7577
5242
7640
72
2381
7928
6435
6652
5249
8432
5486
7045
8671
5056
6220
1902
8654
1872
5861
4887
9656
5358
320
3931
2731
8575
503
5559
927
5753
9552
4060
6587
7691
1924
9735
1485
7846
439
3395
4125
931
1324
2881
2541
937
1940
6598
7568
9295
9467
9845
5500
9654
3967
6072
196
2233
2884
1453
4404
9053
1112
1805
5312
432
2406
6091
8077
8370
6340
5938
2781
7519
3667
8288
7164
1913
4569
9943
2484
6315
8750
5805
7926
8358
6106
5675
8460
8056
8045
7306
8500
9167
8484
4916
86
982
8599
775
5047
1735
3687
8392
2408
9858
9787
8498
1839
9048
1609
7249
5012
7294
2179
5093
5900
2705
461
1608
910
1411
5906
1631
9660
3106
2007
5189
4242
3512
7792
6700
9506
9842
8649
513
1155
2462
1059
3066
7227
34
7964
2995
7003
665
1424
8580
9000
114
8491
7139
9534
852
9254
9330
3989
5869
7727
6761
8471
889
9371
8129
5975
3499
2815
7573
5045
6648
8911
3304
4201
963
2214
9684
1021
7095
862
1481
6102
8115
8154
5838
2538
8768
333
7512
3704
4835
7952
7951
5543
4585
2510
3875
8844
4908
5338
9377
8229
5329
6694
8943
9613
6247
2278
2599
5999
1665
1533
4645
7483
2978
2291
91
3649
540
6122
8898
823
4800
3988
1412
9710
3893
632
1496
6341
31
9299
1286
2850
3966
1350
6882
4830
3666
4199
6852
1393
537
6575
4089
4442
6785
1494
9768
4770
6263
3879
2576
5406
3319
8486
7677
2325
1394
5466
3483
7936
9752
3745
1585
5833
2434
7091
7766
1850
6590
2580
4222
5195
3291
6236
1877
9057
5676
3251
9327
9240
6717
2937
8183
2147
8377
2246
330
2287
9187
9982
6454
8904
6956
3744
2266
7148
4314
7122
356
9628
6925
3529
9679
7972
878
3787
8619
4643
1358
2362
7267
8122
7460
6309
9303
2863
9532
7000
6731
7643
5140
500
215
2535
4925
6787
813
6616
772
955
1222
9308
3498
1690
2885
7703
2040
7777
3792
9444
541
9237
4816
9504
9006
5332
7461
5275
5754
4298
8000
9559
6098
4889
4008
5462
2497
3826
2762
7850
7779
9032
1445
1614
7466
8936
8723
1360
2843
2215
6242
7485
3405
9488
2957
6200
3283
3227
5483
5692
8846
1389
4842
7968
7867
5426
875
3725
2158
9178
4021
4660
3131
8089
495
7300
2715
4346
8075
4615
6656
7362
4472
8631
1830
2697
7180
6231
7629
1111
1915
157
4054
2273
6833
4510
2717
1965
1754
3517
7408
2543
2286
1396
2313
6778
2491
1561
5960
7239
9700
1647
6687
8521
3480
8038
5568
4238
9859
3883
1150
4553
2961
8861
8308
6083
572
5608
4236
8701
8935
9681
8638
4546
6343
2513
6849
2344
3011
147
8873
4620
3385
6356
934
5916
9747
1254
848
602
9519
5722
6493
1628
3346
9902
4018
7304
681
6237
6339
6103
8537
5708
3993
7802
3619
4986
6037
1848
3954
9370
9063
9854
9589
6130
531
6353
1584
3545
1456
4174
1598
1205
4587
6160
7220
1761
8114
5112
7123
9602
8276
3506
7901
7720
2828
4466
6457
71
9782
5890
4768
4973
1137
2224
9901
316
6008
2935
636
4425
1586
836
6233
4697
5369
90
9555
7080
7247
1554
519
2117
7520
2470
8557
5685
4705
7067
5899
2670
8044
7989
7132
8002
1384
6927
8584
5417
7812
4719
9730
4630
5677
1771
3467
729
3324
3511
5304
1757
9014
2732
654
1782
6784
5104
530
7819
5346
3300
4760
8057
8548
6771
1803
3768
5949
5522
7892
9191
6116
1741
7750
4388
3097
8255
9182
9498
9093
149
1523
6436
50
9527
9042
8560
4449
8646
8181
9132
6048
9044
3611
630
6719
659
408
6666
5362
9059
3957
4397
604
4305
9177
3374
8363
8532
1419
1101
4848
7963
4102
5257
747
9720
919
8015
9831
329
728
382
4422
2218
6324
8510
9252
3191
9153
373
5136
2024
5944
5470
9803
5804
1671
1649
3425
5268
7888
3419
2394
7793
2790
1993
8662
8600
1227
94
3998
1082
8616
1624
6299
1698
2209
6361
5743
1066
1727
2113
2173
8158
2202
8330
95
3968
3764
9058
1441
7203
6187
3367
5825
4482
9927
6326
6777
6460
4618
8794
8999
9677
9088
6389
3213
4394
5144
9598
1076
6906
1448
9465
8394
9838
9883
3673
3396
8272
9169
1320
334
7517
5028
2890
6432
1134
2461
6781
7657
2764
1220
7534
1724
8863
483
7025
4166
2259
4258
7328
2862
8831
8462
4624
4646
770
7330
4281
3391
5418
9674
5699
2823
8033
9378
5909
7036
9432
1166
2440
2107
1997
6497
8143
9592
6113
4785
2091
6824
5801
4994
9510
8347
6051
8593
7151
2205
2493
5294
5601
3393
1994
3681
6651
5349
6021
7108
5262
4467
5518
6215
2297
5115
3318
1310
3987
452
1141
9023
5240
260
6525
9391
9974
7856
9893
6227
5663
7174
9337
2427
2104
538
781
871
909
2667
3339
703
8112
9948
3576
6796
9887
8316
4434
9272
2900
6487
5574
2707
6079
5730
6553
5856
9175
5424
8357
1925
7569
9128
4068
7353
767
8111
2256
8719
1144
9246
7020
526
5405
8206
3493
1193
3605
9762
6900
4570
2998
2989
4766
3439
2676
1890
9460
1179
4757
3938
9622
7406
9604
4936
3523
8703
5614
2855
6044
9811
1359
726
4819
1763
9069
2422
6964
3006
348
8299
2610
7289
8421
7551
384
61
7374
7168
419
9152
6507
5822
9068
2389
8592
946
2051
2175
1057
7263
9426
1427
5863
164
9428
7481
733
1641
388
9538
3981
1022
5620
1894
2939
2076
2965
8259
58
1109
2699
5480
9860
9393
4358
7196
1516
227
3257
8823
4072
2878
1061
693
6693
4820
2302
9395
1284
6178
9537
3834
2000
325
1329
1916
6381
6104
2105
2703
4084
4792
3943
3913
8840
7554
6043
3438
1251
3475
6821
2258
7183
9616
7849
4679
6857
5787
3910
10
4468
1428
6162
2918
8730
9340
828
6657
4167
9302
1249
5017
1906
4846
6550
3309
3399
5877
385
3870
1876
9030
6889
8797
137
4743
2299
8444
8279
9822
8109
6628
984
1217
7479
266
3951
9817
6565
6836
6194
185
9971
28
629
4285
812
4527
9376
250
4626
3113
6977
5337
6067
657
8605
7885
1018
9181
4903
2771
9011
4327
876
7297
4173
2482
738
3471
3463
7026
6596
7222
6605
2837
3010
4708
4056
7890
8132
542
6523
8018
1651
4005
2255
2330
6450
3429
4966
8406
5089
5409
4123
9500
7707
200
7725
9531
799
9156
4913
5807
4044
9209
9061
801
5969
4581
8995
6088
5161
4535
810
8391
2290
1170
9712
839
8640
7859
6634
5269
3691
6757
5882
9374
7916
1743
5903
4680
6846
7212
3593
6433
3356
1813
7229
5931
5521
59
4295
3731
2966
9309
358
5298
5940
6928
7126
8013
5799
6301
47
1606
7921
315
3982
9497
8926
578
5015
3355
5389
6420
5151
7739
2252
2765
5923
2120
841
4150
5330
5529
145
3603
2677
8583
4622
2908
1287
689
8940
5231
8016
3850
1919
696
9617
5477
1658
791
7724
8146
7930
9210
1207
4489
9989
3617
6189
5101
834
206
267
104
2684
9868
8957
2403
3023
368
6082
5128
7935
8572
7230
184
9889
9004
5285
8008
5277
176
2397
5810
6725
5203
4733
2892
3950
6649
4784
3142
1751
4497
4120
7293
1079
3250
8752
9029
5014
5063
3759
1093
3859
255
9867
2162
1250
417
7663
4604
6518
2268
5251
2516
9243
4956
1240
4901
4232
8327
4621
4628
5848
2347
2444
207
9638
8368
2008
5044
1482
3461
8824
2526
9651
8629
1972
5125
2756
6772
5247
7447
2399
8386
2649
8876
2848
7631
477
3610
4067
9017
105
5524
381
8672
5006
5156
1013
5546
508
1230
6402
482
293
3349
1746
2648
3146
4197
7636
428
8775
4700
9266
5638
3098
1095
6971
6150
2225
2644
8735
2379
2616
2621
5323
7182
9087
7664
1957
2608
8482
9143
1253
9834
1976
3018
8543
634
3733
2583
2360
1376
2304
5130
1970
9464
8043
2603
8035
4481
2032
2588
7265
9812
1731
9885
454
8675
4682
9231
5716
627
5276
2960
2339
3025
3074
2079
5827
6678
2811
9708
404
6594
4501
960
7593
5342
3825
4129
5632
3569
6363
2845
7628
3115
4607
7423
350
510
6259
8268
7446
3402
6727
7680
338
3600
2298
440
5541
6090
5049
1738
5465
7713
8503
4801
8925
896
1536
5653
517
3628
4859
8321
2857
4023
108
3209
8023
3054
731
2766
2013
9551
8852
1397
7225
7586
981
3443
6384
714
4825
7728
8389
3509
1949
9716
5132
5886
598
5525
6530
4465
1888
5577
8441
1001
776
7547
7430
6241
6390
6704
4186
2802
7471
226
1701
7219
9662
1527
8526
6213
7169
9892
3602
9009
7743
3284
6308
166
3979
8718
1054
2351
4304
5084
8180
7674
708
1673
6441
964
3933
9935
3020
5270
8634
1827
8440
2311
4193
8317
7082
5879
1269
9578
7988
8257
4321
5363
2596
1330
6521
2328
7549
7103
8989
4979
8576
7594
3267
4053
5526
3508
6793
6015
2582
6921
3596
6832
3458
6580
8387
33
9257
5291
245
5482
4875
741
7292
2597
4040
4494
8562
7465
343
6643
7931
3588
3149
1185
109
2767
7062
9757
5746
5355
552
4856
6515
8699
6295
2959
4797
4380
7288
933
8426
9362
1820
950
9773
9274
6303
3786
9985
8888
8011
2838
2398
8488
3090
9025
5615
7719
69
4776
3433
2151
8082
6364
1667
891
2031
4272
9904
1579
1006
3424
8987
3516
8967
1325
9073
4730
5199
655
5967
8221
5701
75
5654
6490
1773
3072
4787
7687
5027
8674
3705
7905
407
607
2049
9262
83
3718
3836
1978
2611
3884
6826
3008
2492
9425
3446
7627
9300
6205
3494
2308
5556
3387
807
352
5487
8465
9286
1447
6860
8727
6696
6685
7346
9045
7600
2592
3194
3449
136
2503
8924
2910
5364
3682
8912
1041
3081
6419
2315
7908
3977
6923
1660
5926
4211
1950
2166
223
3472
1454
2498
3351
9517
5980
5340
48
9416
2055
2463
7383
3952
9954
3032
3876
3192
283
2537
5976
4484
9641
4002
7276
6529
5042
8813
4122
4287
8463
276
5123
4897
8549
5347
5510
2820
4783
6114
3636
6296
4064
8753
7544
1129
9348
7836
5248
3760
2548
4684
5755
4933
9447
3336
8145
1070
6545
1834
6953
6903
8207
6952
1252
3980
4445
993
6475
3068
3644
6875
8909
3172
1049
8508
1097
6279
7610
4869
2337
4454
9442
4728
9912
6540
5992
8390
4066
6212
4929
3566
8348
211
1980
2799
7335
9458
7529
4181
5971
5972
2253
8231
7286
4809
6809
3953
9450
7009
8079
1520
4953
8493
5552
9945
2479
1147
2641
9212
3157
335
2870
4331
1157
165
1077
2711
4093
8366
3203
1589
4518
5741
3742
6397
7371
692
5995
1509
5297
5143
898
2984
782
9850
9849
1556
7342
2352
6175
2692
4215
680
4978
3180
8612
3926
241
5844
169
5945
4157
664
4128
2685
1386
2098
6151
8791
6724
2950
5806
7798
2418
8950
4568
1870
7201
2933
3818
9336
7321
1511
4740
8625
3712
9658
702
9577
4377
5192
9122
5232
1194
3680
6261
2907
1087
2934
6601
3753
2466
6716
8529
2464
2898
8245
116
3151
4452
8020
9646
8410
5770
9239
685
9112
1891
7575
554
6844
9582
7205
4861
6825
5308
3170
3168
7832
7068
4154
9417
3287
3552
3478
4642
8021
7976
7377
4928
1931
2734
637
2879
4074
5639
4600
5147
5220
5936
6551
8200
5479
2437
9046
2438
6556
2894
3524
9977
5550
8191
6140
1816
4712
716
5122
305
2679
3239
7065
3592
1563
6177
8515
6014
6154
3375
4475
8547
6856
6209
8447
3776
3093
9771
1295
6650
8277
7654
5978
3683
4975
9067
3389
7557
7029
2865
8845
8210
822
7652
1591
7540
1478
7625
45
2168
3961
7974
1996
7733
7420
288
7375
2604
6677
5026
9987
2306
107
6626
489
1582
7786
723
4747
1695
649
224
2719
818
5597
3496
6617
1140
870
1083
6131
7410
2593
8916
3263
890
1410
3535
8914
6281
9942
589
9024
4548
9199
8401
8379
5023
6265
2363
2388
4750
6851
5311
3580
8246
1541
7366
7171
8923
2093
7448
9404
9727
6182
4244
2880
4857
8801
1846
6729
3202
8217
8442
8296
7895
7477
535
5105
5921
7698
6683
8545
3565
1075
365
2532
8556
7622
7596
3414
8981
6235
6588
8849
6535
8637
7587
576
5399
2025
8291
668
5717
8800
7958
7386
4108
2279
4241
9081
5397
8457
9021
6769
1019
7186
1580
4847
6068
9973
2852
6406
7887
5102
1944
2014
4963
7210
1259
7325
5742
3347
3891
5947
8036
3390
7234
8740
1151
425
2871
2977
3421
7350
3071
6830
4940
9322
1486
5782
7790
2816
987
7001
2824
3664
9857
8880
7998
418
2650
5964
5733
4367
8264
5961
2192
6138
8443
2199
129
353
9499
7236
7184
3102
1105
8796
9420
6834
7298
6273
5575
7564
9056
8825
2581
5583
2994
3477
5912
2560
3107
8571
2459
944
7585
5436
4888
5839
512
6276
4962
4599
5561
4899
8208
4176
4547
8293
5054
9408
5873
4205
8756
99
7475
6023
5394
5800
8722
13
1566
8128
7492
7409
5651
3992
8028
678
4597
557
8063
1538
529
9424
5534
4976
825
7647
6557
3639
9533
7215
6310
3033
5368
9369
5230
736
4104
8314
4149
2718
853
2751
3837
7619
5454
4512
9398
8686
3460
3856
5843
7504
1540
2232
1740
1449
7190
9055
3134
3260
5729
6800
7969
3108
8522
8563
5659
5658
2128
499
3416
9258
7979
9722
3208
131
662
582
8517
3118
2103
1436
1723
8908
1238
9824
3906
9511
2124
1564
7701
5050
2609
2877
303
4098
1992
3752
8353
758
4162
9065
7948
5582
6684
3307
646
3388
3849
3268
4248
6947
2691
9022
7983
3656
181
3100
5292
4774
3364
32
3624
4648
9238
1856
9317
1479
5602
2899
282
3017
8540
6057
4020
1728
9772
7985
1480
2523
5852
89
617
6158
5273
8528
8085
5238
3810
8247
9750
25
3428
1488
4487
2923
2068
1977
3481
2938
2689
8622
5998
2245
2729
150
5326
6933
442
622
3778
1696
2481
5748
8905
9102
4474
9186
8970
3548
1345
2563
563
4159
9808
6803
5915
1998
9955
6770
9507
2678
2544
8199
7898
9618
2474
8223
4867
8436
8319
4370
5508
9846
6474
3343
9647
5325
4323
6881
6447
6238
3735
346
66
1280
1768
4765
9890
7141
7385
3847
2990
4126
840
1133
721
2927
4983
7773
3242
392
925
7500
7295
46
9793
8971
2555
8097
587
5626
5478
351
6322
9731
3316
5421
5256
7389
7348
3046
7694
8747
6252
8997
3865
9603
1630
4499
5576
9685
2589
6099
7965
6286
9483
8857
1347
2835
6092
8190
1278
9981
3464
3892
8721
4685
1745
3659
9359
2169
6063
7752
1506
6723
8554
9862
6894
1801
4681
5072
7566
4195
1491
7339
3803
3133
7919
7553
4557
7435
8192
739
6718
7486
2874
1296
5408
5850
9707
9963
6754
4761
8855
3225
7425
9206
3609
3947
5229
906
6486
8711
4341
8355
8748
9349
5955
9360
268
8669
718
4283
8507
4155
2377
5076
357
1035
9553
6888
6645
9125
4678
8643
3579
1418
7327
7763
4738
549
9863
8306
5135
9355
6300
3821
1982
7416
8375
4163
6859
6976
2716
2598
4673
4977
4649
7451
5117
3746
1264
1102
9097
4909
7863
1200
4754
845
7831
1432
3679
7745
4113
5255
2585
5968
269
5648
5216
7780
3932
460
7753
7834
6355
252
6269
5791
4854
7740
62
2361
3160
7510
8034
7357
4402
6196
5527
5448
6780
6907
6163
9329
3476
1968
8536
4921
2156
3608
2906
6444
4095
6810
3855
5186
4926
6155
279
5537
424
6124
5530
5793
1941
6396
4965
4132
7563
5194
7758
4781
1927
3301
2239
6573
2477
9454
8983
6446
8053
7250
6839
3381
1406
236
4490
4651
4161
6997
7884
5874
6767
199
4133
8955
6076
4741
8802
8681
2300
8297
6421
9103
9244
9843
3700
3426
7396
7178
3196
1420
3432
7149
9761
4453
9767
7268
2366
677
7216
3518
9899
884
8194
6438
4383
1304
7700
6838
2785
6041
6398
640
8773
1153
683
6271
4981
5223
9698
9335
430
9470
8439
6962
8642
8899
3086
5880
9711
4177
3919
7255
6842
5090
4061
9692
5901
832
5853
6968
7324
1739
3332
2859
2184
1793
5060
4543
4814
3297
1225
885
9099
9957
9496
2488
1467
2254
1206
9
2237
8607
5062
380
7428
5475
8514
5832
2969
8201
3543
1702
3633
9648
1786
5152
999
8670
895
7797
9783
6327
7173
3606
2019
1568
9380
9523
1353
8331
1626
8712
1542
9774
7472
4879
5547
3741
8282
556
5994
5037
5300
6221
6794
815
6019
7721
2955
7071
1131
2269
593
9900
9495
6948
8531
4169
8896
3657
3915
4756
9114
3838
3726
9569
6709
3061
139
4116
547
3262
7696
6547
300
8433
9429
3675
4363
1921
453
2088
2201
5278
9832
5859
9164
7646
8829
9833
5711
1764
7746
1261
4354
5581
968
880
6869
6127
2073
9528
202
1987
7214
2414
9650
1148
6291
1670
3048
9146
423
327
231
7403
311
466
9678
7264
2045
5451
3895
2064
8485
4011
3127
2590
1189
5472
1064
7253
4722
2600
977
140
7455
750
9736
4923
8714
6646
1959
2439
4829
6004
3302
9871
8080
4426
1380
3890
8731
4571
4427
6642
9123
4661
3591
9818
9994
5686
9039
7088
7051
4658
1560
1983
2231
5489
9479
3798
9979
8769
4278
1158
8842
7644
3530
5142
4476
7345
3894
1195
4280
2204
4381
5707
120
3468
3232
3972
756
8743
1051
4424
6465
7089
581
4793
5100
3614
2415
8323
3492
7902
5661
2772
9725
4043
9729
3612
7118
6896
3902
3415
5866
4858
5002
7718
3504
7686
8683
4610
5159
7281
3036
4502
2830
3898
9130
978
5774
4333
9292
347
5784
592
5818
3197
4413
2122
4134
7189
9924
4352
8737
1946
6097
6248
2059
3219
9715
1317
7781
9600
5862
9448
7606
6850
3434
7476
4268
7913
8810
7228
6705
8906
7877
6453
7999
6828
1753
6524
7440
3050
8120
8325
6373
4423
2662
5107
14
6413
4027
1588
3648
8315
5353
3352
7231
5598
7478
8106
1642
4421
2645
4308
859
9643
5599
7426
8579
1747
5719
9744
9639
3226
7434
1985
8274
1497
1226
8103
481
2739
8055
3820
5667
3795
6699
4030
4407
8449
6379
8778
3630
3544
1354
80
3738
8551
3031
6654
8821
446
660
6955
969
9760
9560
4259
3178
4603
8767
6766
5619
1407
1348
539
8755
3053
2916
8897
3963
5629
4182
9453
4703
7502
1378
6522
5401
2946
9129
1666
6129
3702
6918
5956
2443
9884
9184
3195
8660
5266
6676
4666
8707
9637
8113
9020
8248
9775
3162
6375
7244
467
4130
8141
4444
9384
8928
323
2196
8087
1636
7128
4086
2846
9913
3861
4055
5709
2971
7192
1349
2693
1814
5757
3253
5351
4582
4004
1749
6297
7579
5948
4033
458
7697
5041
3607
1722
5204
5488
9896
2180
5624
7992
6750
4270
2029
7978
892
2295
7307
7166
5210
1911
6711
4464
7287
5797
9287
9928
4873
3900
5360
9247
4265
3796
3047
7678
6491
476
7037
7567
624
1104
4629
715
973
2683
9897
7592
928
6371
9895
1027
2554
4950
2260
2883
2559
1760
1118
8356
5286
2808
6748
2630
7066
9120
4689
3285
9403
9661
858
5413
479
1896
4315
8620
8944
7909
6409
3174
3688
2343
1421
7414
8927
354
2932
4014
81
7291
4252
730
9179
3799
9691
9732
6576
1502
1377
6074
9601
7515
8982
1729
9076
2114
3722
5752
7356
4992
1371
8367
8341
2620
6982
7595
610
3436
5706
9471
8263
1545
5267
2425
652
1570
4995
8774
1526
3497
9917
5018
511
3104
6737
1475
8804
1314
851
2584
3095
2129
5441
134
3164
7075
1500
6047
1433
6644
9826
2967
6039
6690
2750
546
3366
3114
7005
6870
9461
7772
5244
4895
545
2875
2680
5740
1596
9367
1984
8320
4831
2945
6334
9993
2043
239
8830
6941
8901
3626
4911
8249
5498
5821
5867
9694
7316
8827
8139
4234
6405
3313
8751
1234
5871
1791
1294
6999
7960
4550
2111
7973
9512
3598
1864
3791
5343
1909
6558
459
5918
9304
7055
9363
6230
1100
2730
5415
1783
2886
615
3447
8618
8915
326
9936
6765
1646
3638
4371
3914
5594
9205
5139
6386
8885
8762
8161
6485
8798
9536
814
5857
2517
2365
9344
8783
3901
2813
9714
1056
2979
7002
3647
9813
1301
4432
4566
2943
2529
1875
5786
8853
8623
7910
2320
4513
2023
6819
3983
2901
2953
1237
7402
1694
2783
5437
8728
8973
2664
9235
8328
4893
6244
8454
2141
3190
7775
299
8031
2536
1165
2847
735
4794
7188
6174
3807
2102
7514
8589
5078
4172
8101
8499
586
7704
7105
3601
1123
253
4399
2410
6437
5070
8881
8302
9847
8985
3141
843
6228
7277
1674
1305
7043
5429
4220
3641
6053
8648
74
5097
9086
3286
5446
3620
1335
9409
5941
9879
837
6863
3590
7550
7535
468
4313
5051
3358
6066
128
2507
7442
143
7523
8088
77
1603
1484
6056
4260
3455
1892
5766
5780
2338
2888
5592
7826
265
798
844
2617
8799
8204
204
9581
9343
7501
39
436
5396
2413
1553
3716
8289
2508
7308
5293
3363
7058
3643
1210
7938
9388
8238
6702
1808
3403
6595
6185
9158
2131
8550
9689
650
5440
3515
1267
2723
5439
9490
4107
8334
3224
1811
7329
4025
2788
2429
208
4032
1162
4189
4029
6472
3674
8300
3945
4300
6632
1268
1973
8456
7474
3233
2601
3440
7213
4686
7734
7170
9489
1734
2357
5055
4338
2527
8069
6314
5621
7211
9098
4725
8261
9676
4106
6328
8228
6410
5200
8860
648
9649
6223
4492
3087
4450
8978
3658
8337
3934
8131
4662
2148
3175
8091
96
4811
6133
883
5202
5279
579
6222
9796
8869
5183
5569
9805
4919
3995
4878
345
9576
4531
8108
4498
2759
2769
1303
4156
1634
8558
8275
5009
1979
9514
3708
8070
9561
4964
8408
1461
3996
6975
1868
4795
6937
6206
1332
8232
480
8847
6152
4974
1552
4456
6805
1116
2119
5637
7868
719
4946
4554
3696
3510
4184
3289
4949
7110
8329
5808
317
5082
313
4896
7755
9836
2821
4158
7505
4592
2404
7187
5020
2026
9161
281
7542
7030
1643
4406
2656
8425
5000
8793
2712
7140
9091
2954
6883
7830
2758
7206
9315
595
6036
9823
7436
2060
2779
3622
15
8226
8641
4614
8948
8818
6672
6190
4455
2665
4850
4565
2622
3328
7079
4294
7878
8393
6476
746
7407
3474
686
5917
8819
2814
2917
1908
3123
3864
5831
7165
3350
4551
7498
3487
9385
4392
1333
342
3635
6415
6204
9815
6366
3650
2442
4698
2359
4693
51
2485
2688
3331
6671
4767
9999
6317
6513
307
8754
17
5301
3547
5420
9630
7367
3534
3038
7915
7961
4898
3234
7920
2348
4721
1964
2319
2194
5788
6278
7994
9071
2052
7204
2864
9137
5758
6348
3729
2364
4583
4042
4140
9211
2745
2963
860
7932
8789
1548
6115
7838
5777
4656
249
2206
6749
9451
1823
2072
1289
1517
183
4196
4165
7157
2230
956
2094
4496
8837
7809
5495
5069
3270
40
674
6541
787
2296
6995
6799
3135
1030
3655
6738
1186
6561
6298
8956
3043
238
5731
5215
2324
3762
6032
6494
4112
4789
4035
3241
6571
1866
7032
620
5696
4240
1653
9585
9521
6161
2123
8240
4952
8424
4762
8867
4415
994
3959
6226
9615
2149
9229
638
475
7984
194
5579
8519
1819
7886
2818
9702
1975
1605
5809
7889
1635
4007
3420
9364
7363
5893
7572
9741
1661
1115
1300
7795
9134
5849
3052
1590
524
2882
7679
9546
3519
4749
9036
9018
8455
2010
8072
4912
4706
5698
8155
2145
2210
7042
2704
5516
1011
9840
2109
9794
1951
9436
2534
7810
5532
3632
3905
3831
5305
3119
5644
9190
3236
4318
1474
4103
5715
7454
2952
940
4463
9353
1565
6914
2294
1625
4989
3727
6917
4430
5641
3845
3369
7562
9119
4218
6148
3125
7611
1031
2931
4139
9972
9947
2655
3665
1309
7536
976
9216
6255
9473
5108
1841
6660
3246
6275
6443
5174
8696
3507
8858
7806
386
7818
6007
941
7217
5927
1312
9389
1549
7181
3084
2208
8903
5427
8090
8467
3247
9790
257
2143
1315
6254
8628
3280
2047
8736
8298
6153
4836
496
3801
3154
8177
6400
5634
3921
3823
4082
5403
2132
3794
9939
4320
3490
9932
2547
259
5400
3815
3551
2220
4796
5492
8745
1451
794
9940
9267
2902
1926
5411
773
6445
6585
9530
189
2556
2391
2812
7323
6368
5134
4714
1851
6387
2070
6176
942
4062
387
7934
7305
2658
397
5520
5481
2983
8859
5503
5252
251
8693
1045
4934
6755
1103
3204
337
7452
6514
5366
2445
4386
133
7313
1539
5414
3451
2292
3229
41
8664
9445
8270
7667
6822
1794
8256
3790
7632
4336
4734
261
5756
2854
2303
4164
1571
7953
1344
5557
4230
6840
698
625
6173
9946
3571
6141
4522
4191
2795
4355
3832
8110
4892
1290
1352
4096
7413
9321
932
321
7675
5720
8060
5184
8682
9433
7372
138
498
2643
6167
2514
9966
6637
294
3558
6306
4827
4739
2152
3930
4416
9201
7874
9614
256
6847
2528
9612
3129
7008
1618
2793
8878
2221
1176
3
3065
1847
631
7835
9508
2687
4447
5185
6813
6559
861
2663
4221
5751
7198
6886
1172
9590
924
8147
3513
144
5829
5453
6192
7975
2006
1065
4037
8159
4748
449
6470
8001
6526
3503
9549
6042
642
9997
679
3853
4069
7991
7197
4632
949
8094
1715
2003
1248
7937
1981
6897
8697
1477
367
6377
4771
6459
4357
8814
3030
3158
551
2356
3143
1914
7576
790
7023
4178
7857
