76890
77614
99445
42790
46919
17803
31867
79192
152
4522
94178
28968
52635
29416
46372
66394
52321
92773
83619
39713
87043
35498
60171
85900
26015
2923
3387
57784
85396
98794
37260
62285
92760
36704
21426
39678
70858
53292
18870
71009
57814
13047
16329
26800
58815
62700
93193
11135
71825
93164
67199
75219
45013
27369
61118
71027
46644
64504
45163
32039
79649
82422
94324
72408
35477
32101
28438
6335
85393
47307
93695
59558
76705
10023
2709
35519
89075
95902
63005
60899
5417
30204
52469
50429
73924
13586
37807
20567
94441
82969
68958
90441
81742
79633
62849
33571
11733
91286
56257
13477
54944
49951
73034
31648
76326
75743
83519
65400
87996
62875
42650
93412
9430
95118
60192
83354
25055
97998
20272
35847
97319
5581
26287
79060
85213
5487
12630
13298
13124
68886
26774
68067
35189
16160
16067
11514
91902
15937
93265
96249
78811
52266
6012
88241
47383
66203
87946
88789
80552
24569
24635
77870
30150
67273
73282
31714
72760
85911
45011
85883
71149
88137
70302
22689
4296
86368
34202
12549
2304
43818
8797
97466
96083
14808
85706
59817
97362
90003
48605
77913
14572
89591
72135
61073
56863
45416
92786
29622
47678
54149
31857
35178
42285
2158
57866
62932
4877
92067
75480
7180
35884
628
20997
48318
15435
23055
8134
12796
13057
56738
7060
43980
62680
79194
5052
19543
24609
14190
65516
88639
68338
13724
23816
26974
15881
81682
89905
20757
90100
65384
44288
42336
66011
65285
90653
97797
88339
98787
26944
17747
71876
34003
61727
34556
29549
83130
70450
70509
97319
52317
59147
65656
66041
99315
92629
81921
80996
82533
19030
87447
64268
79669
29782
46630
44953
20435
60778
49643
35573
87721
67390
7448
38076
29116
58355
67624
28597
45156
38132
25916
97473
13631
91571
79865
12945
552
78137
10292
99436
97166
97738
63704
76835
27520
26685
38139
64306
87463
4134
99878
75183
71523
23677
13258
16990
98384
97233
45586
59891
51717
71501
57363
65347
79424
37227
94643
79975
15364
4934
79410
28881
19023
59465
22067
46542
2502
76558
27199
89964
80691
27076
65146
52213
67105
94756
85554
65488
91988
31139
25378
43704
18992
99093
25402
14767
52671
20044
11093
84386
41329
6854
13267
60352
66319
51685
23245
85172
28242
50444
75135
8932
93871
56632
77496
60975
51387
63049
42814
59727
10540
68192
19782
45883
83636
61536
77001
36306
81579
88093
20692
39260
94946
50310
99611
77616
18346
22855
62787
46588
89650
37921
71871
83521
10905
65719
44495
62291
28767
87309
38369
55658
71852
74503
17892
55487
36038
94892
8144
17616
82984
45187
73227
94282
11848
72837
71897
30194
12044
51036
93133
1693
5308
65003
1565
16212
30721
62412
94855
75840
49720
49575
47849
37923
24077
82093
9761
60114
76984
17904
94082
76320
63091
67308
70601
91290
56497
58849
21483
68540
9884
30967
86584
31544
95970
88149
47755
43042
66912
58961
35233
16631
8536
99434
70905
32612
81526
80665
9078
58509
98568
3159
34828
78010
86818
21780
85652
43314
80629
7134
28205
6864
38101
31141
38407
50422
35641
2514
9815
2552
61474
45048
35534
70009
60833
6438
18973
42358
87102
28050
17218
2021
47560
52046
96383
50729
90177
82034
10395
87157
5519
38599
94021
59971
86091
48779
26744
21731
67644
36559
40634
45470
97958
76167
15478
58790
98956
50802
1147
2409
78851
18364
4430
42762
86761
17164
93491
93290
15549
3885
80446
37419
58835
90818
97390
44926
55949
24133
83008
23592
60691
23642
85413
75000
99808
17243
33789
98764
68044
51287
1172
63247
86003
21953
6008
89115
55468
15850
82404
71016
19734
62850
8435
94921
70019
22176
39846
25967
46308
22853
65911
23351
46494
67675
98350
62654
84917
48491
77769
52961
99777
78940
32559
85779
17245
38566
74894
72712
70768
73649
60080
90501
52850
68514
85421
22869
90689
41618
65187
53348
80823
47449
76698
43668
15124
91400
6321
40
39890
84089
69352
39666
79381
1910
41797
96625
56828
33042
69336
27595
6690
29415
34447
59540
14280
36220
98760
21320
77837
63946
74668
75011
11395
67717
18679
42870
59116
41351
42909
99005
25440
28613
38671
4820
30522
96819
17796
3701
29860
3483
31295
36549
49250
65742
12440
63529
18313
11199
1201
12501
91497
75868
87512
2891
43584
6190
62112
2700
47540
21372
18056
89331
49984
73078
10502
96858
69896
28297
558
99755
48132
31853
52656
97381
13946
81447
77261
32258
92646
78461
61110
84142
54328
48621
3384
14264
71162
65495
33315
35054
86866
51370
40736
53202
24448
51238
50059
10695
95886
50616
26802
44017
98820
79457
41397
29117
60903
35010
77726
69900
13470
38836
70393
84150
3808
73776
98413
74970
55622
31727
26375
58840
99448
67110
12041
40247
18347
78451
67294
30585
45418
94095
74601
44238
89903
32350
89706
67157
83711
67432
37057
97180
22619
7449
81329
26426
97577
79741
17747
53198
27819
44121
28389
43619
27583
40429
217
62281
35231
67510
92865
80649
61604
83818
41238
51506
32519
30943
18663
16229
14726
72071
13408
53696
95871
94737
80122
93447
90829
14220
62997
35000
74693
91385
78618
2275
31814
95186
64555
83396
62696
57420
64044
24299
41237
21633
92157
90107
68928
27171
6335
83653
99241
19742
37349
95111
30830
33822
4910
38011
48041
67906
73010
22733
59290
67979
41359
7455
63164
5914
90851
42211
63333
54894
66510
20921
76527
75018
11027
45454
2188
17361
45458
17780
53454
99158
12890
636
49331
17799
38646
97372
2056
28007
36456
61346
95985
94167
68800
75500
80
59650
17711
79764
30896
572
17036
23774
75589
28062
85579
94128
61774
47388
11907
31579
46546
41148
32214
95876
58947
87211
9599
77354
15217
62407
38699
11201
56573
7499
3053
56652
83500
20763
52767
14395
37686
69802
54520
13274
97863
40098
7401
75988
87486
19307
23918
50383
60454
72484
46258
35752
59694
72209
13106
74911
34615
68156
2463
7539
92006
5515
80542
75506
42629
33308
6252
80314
3109
60772
9939
17323
869
17339
9662
4706
52997
33579
55088
29803
6062
17698
81906
65756
6258
11363
57018
40872
79519
59480
64762
71524
81347
45303
47029
40327
78610
53281
20641
81718
30404
46931
15392
47624
80622
25053
52330
33618
58631
23769
79772
64693
57818
61678
46800
64075
73040
3817
21298
52558
79648
86059
40434
77346
31361
3814
17673
26322
73446
54665
8039
3849
1595
23430
51473
82216
64834
20154
32186
23465
60274
11957
4509
18092
73634
67660
98518
63026
87828
36168
31935
67475
38578
72368
61173
86291
92534
78845
12612
65979
33509
37003
69828
51455
76784
37652
33671
41618
57805
82208
65082
18078
94164
85942
52521
84150
53601
67391
63527
41428
3558
95461
25254
58487
84181
86426
44777
76714
81622
57389
59044
31482
94391
28871
82937
71174
66522
32959
29143
40678
15166
10576
75108
25681
96517
43980
26182
66469
11370
89708
24248
31279
1521
49502
89766
2053
52279
50894
95118
50253
8282
54161
81734
19024
99384
81022
6550
65905
13980
35692
22935
45497
46268
98042
71178
59136
42021
97359
25605
69743
3419
49852
17373
4939
15705
23490
6991
84336
74384
2108
34588
82665
72620
32673
1689
72003
13695
24590
54260
27674
60281
77194
89523
6548
75235
60700
65684
33607
74410
7640
3349
77828
57491
37074
99118
89548
60563
22460
73883
34946
40919
24822
33963
13539
57494
52003
85541
71188
76592
39800
15214
53224
33345
4736
59772
8579
81787
41807
58538
56196
49446
78238
50376
23288
15311
49493
12835
75874
71953
3069
27171
12871
27890
77485
42761
85384
45839
44654
72923
22430
805
88136
75654
34150
9223
51777
59080
91009
9935
17617
63557
75732
95855
30284
99019
11165
96128
28206
3390
84432
47626
46913
13655
75516
40749
56415
77251
86588
1068
50173
9017
1873
54661
1022
36022
63883
69150
95101
71244
79084
12718
51152
71167
24924
81435
86538
36088
77562
14743
55830
61994
62368
19094
92000
54235
59842
48414
31485
46429
65834
98010
71798
67706
69022
89171
20079
49256
58321
31531
20499
53756
60600
88002
24923
85523
69436
11460
37963
63350
42554
10144
41695
4921
29237
33694
75508
89078
98459
23344
35507
64292
37705
23656
31997
6726
12826
68427
55982
71146
99958
92832
24902
60557
80834
49824
62432
66621
61283
394
29970
3836
10537
88016
25108
39773
38061
16967
45202
36520
40311
80708
811
94367
4363
49160
1093
33541
17586
57074
4686
33895
49905
45939
94452
47090
12114
56883
13711
89748
73628
60032
9935
516
64400
35043
40288
2460
68361
85489
38979
25023
82549
56142
19390
3263
5301
20482
36803
39238
93907
57841
73133
60163
3779
83936
7253
15893
40818
37315
5640
30797
13698
15575
31312
78097
66969
87951
96909
51681
73439
52239
76704
72339
8380
12445
91954
13680
32926
28756
69270
43184
2948
42402
3346
23079
26337
26950
38971
83506
80616
60962
14302
94314
92888
61965
88762
76208
49915
85670
27889
39705
37909
20944
12044
46288
33388
20349
76320
82665
65456
45589
25848
68404
4342
45545
91482
30678
72495
46804
30535
69462
24117
44836
63775
33357
23152
68889
9564
73066
54558
53804
12770
8818
91099
41165
71458
40838
61513
47777
39854
26969
9717
65701
11724
30410
27598
3205
61087
16444
66360
91621
85905
6828
52808
66032
40184
92311
34920
66100
65376
5829
36255
94497
14647
27354
35662
86104
84543
13526
50232
24397
56846
76300
6449
68569
6709
34046
88125
84147
50489
70836
92119
52746
77664
61278
18777
34199
53588
70048
298
18963
75876
36553
13459
90522
80258
65472
92977
64800
95350
43208
5548
68547
35859
11997
53468
42567
62394
57944
43065
12883
28780
35183
81980
22795
96460
17108
56993
50047
87155
57291
85361
63030
10195
15172
53552
90452
96995
46528
71603
92344
6088
77151
60891
58298
5499
14358
17217
67892
72301
60281
97126
17432
95464
79105
40226
8275
96212
97219
58322
83366
70861
43682
46396
81055
75205
16299
87858
72200
79178
75812
64543
1617
69314
41785
59915
74812
72494
77131
59056
61147
37411
56181
78578
49226
51638
18804
57501
47849
32374
32174
47567
19586
92207
10314
640
67412
26612
4849
39611
22141
80660
20505
23758
49974
62290
83672
41137
51135
77154
192
12281
14564
56373
90859
80142
24362
26014
37642
72210
74739
69815
36128
94324
62021
46441
11315
45784
89404
16163
85394
27897
96822
22251
51654
63147
892
51677
20636
52026
28830
20827
64307
43393
93551
55165
23534
17912
81178
77527
6474
72268
63693
58953
66591
42066
21746
77905
87849
27501
94067
89595
55397
7240
11845
7050
86739
12736
75078
7374
64761
3907
44552
29067
63652
54455
583
3537
88718
98112
81064
11543
70379
44756
70496
36969
86821
8593
31225
91022
36093
25291
80616
91490
48883
8812
14891
35621
37899
89969
59346
2659
93875
20249
48078
73878
74703
65012
77415
79773
63124
74830
91315
49854
19585
78162
86823
22758
3106
18047
30131
39199
59690
10746
47040
8572
35909
61930
60544
73807
68250
36241
92817
78477
56489
57246
52354
47544
22258
29768
27316
1733
4597
34982
51586
40534
13144
54760
79643
16249
89159
9773
71799
48848
36870
18838
73771
72778
97120
50666
62936
65369
86906
55752
43845
43394
29350
12551
90937
51607
42318
34604
53339
63267
69586
21276
3800
99081
76036
99794
31681
65194
9566
3480
30393
62787
38669
20515
51916
35788
71180
14851
17509
74437
86954
77705
17830
16303
90255
25119
84261
32573
59722
53951
12191
29307
75227
32342
44739
67614
32135
76420
49159
58052
79899
95903
20838
18567
16417
72753
70707
3948
3955
88215
94736
90908
65919
28917
23563
72526
54035
24175
5098
30109
78126
33640
75767
69704
65981
20506
53669
14467
96925
2827
72518
93175
98729
93355
28093
31497
82459
98799
51796
86413
3365
46531
93672
85636
75447
33586
58161
45834
57761
79610
75942
52238
13249
51708
38293
95581
88565
91961
10047
1841
94787
82564
95015
9867
92270
39460
57715
91080
54610
9510
77492
57975
56040
87515
59962
47838
37453
18122
93671
11565
14083
69612
63802
43683
37672
18446
39263
42588
10406
65661
44429
21544
64576
55795
31410
56845
95254
5476
47924
49864
14985
41767
24190
87376
45633
503
35213
83085
34976
45236
11001
49058
31199
91154
92740
85222
9599
48354
27810
20004
14014
88590
41547
78589
44384
89308
51785
55990
94783
16060
22205
26119
57826
46394
13494
19810
63248
65059
19247
98223
10294
30247
47280
41492
21401
56371
26714
30999
4724
70875
67355
18737
59464
25253
13677
3847
14561
65461
76188
25695
81520
98392
51814
55697
61137
81659
75506
24384
46717
11104
22606
73362
41351
69885
14854
79103
26255
57919
26453
47330
28793
93807
82418
88256
19060
96094
8454
49972
61554
84642
75666
59425
83033
43831
31473
44170
25490
6979
84905
88558
34434
7511
61920
75784
93747
93125
71238
20002
51043
97691
83683
79835
91497
66101
68090
26908
62194
92895
76879
40100
77536
68897
99524
76921
29079
30997
21090
54568
54327
22346
59478
5112
29856
37749
97248
23603
30873
68485
59956
98267
66175
43638
78101
74024
9738
62542
931
88284
55436
94162
28383
32972
79410
44258
26244
8488
91606
63685
79408
62284
86030
38885
67396
15886
92985
64643
55840
23857
49479
15795
22123
15654
75784
16575
6029
1874
79116
23311
90157
50903
17472
34891
226
96881
79148
26469
21721
87106
90153
1128
49389
76183
56364
33136
92068
49348
97778
64259
73204
47257
80053
11678
79262
55836
28252
85290
74061
23719
24952
64217
74621
58776
99107
74847
72008
94607
1315
93728
81712
91468
94855
47452
84002
51218
80588
92421
565
94717
56679
90120
58325
36731
1797
37586
8918
46400
39227
82979
86470
80531
63547
61091
39306
62654
52289
11313
73612
69955
5041
55323
61422
99895
19126
61775
51113
99713
54195
68029
94430
10873
58149
52754
63955
76297
6692
89225
39049
62270
88555
25518
42800
52101
2960
82105
31106
55248
93418
4717
25203
14810
76391
2976
14704
95517
64751
82168
11581
35297
50197
22362
46170
24697
91468
26476
17345
98159
15700
56393
76780
4254
81911
19580
72707
84870
18036
3812
56470
27805
24881
81672
42614
17623
999
73670
29491
65749
55837
41072
1046
22385
63433
63567
63433
54900
90042
80778
69410
22094
53522
46190
26347
51784
82121
15405
53006
16508
35569
9475
44313
76801
7498
3278
94423
8496
76947
23914
90597
49136
81337
7994
87872
44769
71560
67657
99669
77953
48434
85430
46
18307
31619
42745
70091
30091
58149
23096
46599
93717
32570
7263
70517
40067
10540
81292
64914
3839
21557
55510
69326
2893
63503
73549
47661
35062
41205
63681
29367
5990
49111
29412
24297
97081
88508
94387
27172
63009
33834
90122
56725
66403
97384
43594
22821
24275
41237
87734
44465
62793
59596
13790
65685
23098
87339
29697
74512
44895
9730
3878
50885
58840
49641
75181
72272
54501
85919
99443
17509
19752
5916
90585
2506
3299
50530
25326
43926
91766
29411
88390
70910
5358
18532
36594
28456
22222
82643
19319
67116
92372
39548
18000
67563
89188
9532
39834
60040
95450
39277
77548
15201
61544
68133
17706
64843
18662
59383
25120
10428
5146
13509
81337
10503
48392
34283
55310
86965
33277
74628
54081
25648
14175
88432
93210
19715
14316
33043
79754
9765
88671
57302
41318
50215
41786
59023
31409
60447
34758
56528
87226
39903
86388
84915
66757
34780
35549
22067
21744
68825
96694
92176
94472
27221
96960
4033
63287
11275
53427
43040
21039
42098
16693
78708
8664
58478
37731
40072
35277
88840
12951
22502
45094
99338
7416
11850
50469
42964
33916
88565
11788
46962
80740
22611
90534
77699
42995
53820
5325
96422
13211
42716
38519
46256
21423
63534
4733
59153
19957
56361
64344
32907
78863
9437
32244
86278
21287
99065
45594
71554
87629
73733
18515
84720
12696
9048
62419
55690
79219
84095
52111
92430
26810
6981
55037
48233
70514
76121
23737
90470
32482
88081
39728
11344
97517
88324
13973
35155
87388
75918
6709
75016
49651
25223
59735
62346
50623
38505
34387
46193
38952
86498
54974
65761
9830
10010
13993
80344
86131
37730
87165
18612
42162
26893
29955
39678
31568
60279
74833
18955
36197
81541
10322
2199
23115
86408
80896
90089
41265
15282
36282
80216
18131
91255
45976
27961
1265
76321
24656
87395
30402
28172
22358
72563
55064
68664
12240
2983
28942
3424
21937
81490
1316
48610
83688
24431
35018
64583
30871
92634
96217
67152
72849
14347
74759
35176
42307
76023
27848
83314
79769
58249
11486
2126
30811
82901
87141
59403
85884
32434
62826
7820
13924
80494
72782
13963
4924
7799
78546
52146
16784
91114
19298
5984
5460
94056
41159
64119
86430
85359
47432
82550
43607
58917
1027
74418
41818
88167
50172
27701
20600
29349
51872
34523
9842
24653
48486
31117
48803
43383
83263
65586
34496
2560
71569
39955
12967
29080
20425
15748
14438
67857
98297
74396
26773
99323
65165
84942
87489
15336
12642
8088
44685
80866
58963
54526
5518
23800
85643
70673
83534
68905
52610
18029
87816
24179
74335
17134
69610
94760
32881
399
78968
31177
74794
22092
46851
39959
7034
34339
55294
19675
58778
16330
540
34092
70856
22410
74243
72850
93082
57776
58106
45691
75804
62273
86221
66491
79406
72182
77602
28638
72580
56569
76166
63726
78660
23016
20036
2045
73706
91681
21720
48835
8011
38611
82927
95218
77372
57169
68067
86805
31297
42524
48848
7100
4796
51420
89942
553
23602
83895
45542
12533
40463
21707
92610
35475
61074
12645
37519
34779
4326
75590
99965
12336
30553
82891
7553
24276
56412
91971
11081
87708
34494
59928
11159
55641
11347
17453
72545
51300
1347
18086
63833
58162
56144
56442
9988
17217
69087
63858
68347
89764
55800
68311
2099
86352
67554
26003
10627
40317
34325
38059
28024
85170
97986
55534
57162
25685
72986
29706
76984
90685
47791
57168
65198
3934
29962
75185
21150
99048
39042
5848
5163
94841
74158
23613
97544
58063
49615
24523
98379
291
62581
42754
1812
76919
98288
58973
2603
87625
88678
95938
94661
52820
53106
59858
56753
83067
35042
94254
98466
90436
101
3628
1628
90610
27240
99172
48673
93206
40046
63403
9848
2626
6157
11659
95896
4444
70631
98498
8420
75660
10788
3081
28479
63893
62938
1583
63311
14332
95836
61776
4767
12288
65403
6394
19249
8994
21917
84273
2199
78314
47676
28398
97292
53832
40056
93187
74627
27038
8037
99398
2697
18824
18830
47527
99068
98120
49109
62378
12451
61296
24153
33569
73583
5907
56314
9183
31252
94583
93456
49802
72896
41131
78199
70187
11314
18254
79726
2292
61643
87762
1689
64339
22937
20519
11865
22004
18638
77325
84381
47440
38620
24885
81008
28554
47143
53673
37736
78394
48255
31191
28195
21151
88673
22745
7689
99986
57350
87414
2277
18992
75175
20318
83330
98111
57188
11546
20114
92177
88870
20846
39616
43841
45730
36975
72394
9224
90647
10129
87617
38902
41320
32163
76404
29992
54907
84092
46330
12256
71506
64958
31247
63032
1627
30928
77495
58814
58825
13960
50990
64046
34806
6957
7886
96887
43931
80279
6111
50930
6760
10079
6183
48079
42242
98938
94422
13500
83029
57103
25756
70886
22061
73354
50270
23687
20634
27764
98853
79458
41723
49842
43504
92880
73151
67741
89767
33433
64372
12229
84362
71131
22307
6896
35561
80900
5833
46334
94400
5214
3437
36507
92451
41849
26212
42720
81887
46845
86835
80739
42655
28558
46933
2510
37789
20083
70250
27555
53515
34621
56135
54229
5751
94794
61124
57663
75693
66957
3997
86444
88522
7433
39302
80972
49281
65514
23692
31167
28710
26878
28258
71364
55435
75190
73873
9576
95272
60475
37130
48786
95095
9617
3014
17198
4410
80490
74860
96454
47446
78856
82898
52319
2640
38551
33290
68272
4064
73333
15791
49126
211
44048
36841
71997
19237
27066
81572
30860
87540
35054
95997
98986
44670
15363
16183
65431
95852
7395
61884
59649
86250
61133
11967
5242
99684
45256
73513
20099
34941
89303
85576
35151
49702
22417
7147
68938
49482
5071
16149
37021
40124
12146
36006
1145
27508
68541
82927
23359
75935
61162
83007
78536
22295
94973
83777
38330
56580
73642
74780
91520
79296
60356
26670
28998
82772
50169
14287
32253
71591
30436
85625
28066
42581
37982
29210
86440
6522
28488
9798
82456
89649
9156
77344
11943
4128
61120
66624
77059
51113
41404
68579
30409
1759
11600
75758
84530
78120
6396
33134
66062
36831
18758
94127
95763
56739
39688
82202
63261
68175
8351
62068
57824
17506
39411
86118
37985
16883
52742
31396
84347
94145
99974
31107
12255
27925
6864
96784
22397
13260
46269
88458
66442
65026
82585
78557
38116
22272
77110
17728
6799
85461
96148
64622
19318
51910
50739
73655
68792
19832
5050
69491
30328
21375
597
42582
65651
7461
55717
88047
37072
1985
92857
3513
83362
75441
98421
37830
14064
75531
71909
20862
77343
68056
1835
13012
19966
68926
86666
5109
88757
8067
74599
35437
45793
75196
78018
11444
99008
50087
15842
36079
68423
8698
55943
51785
490
54364
5966
14554
46246
77874
51767
23588
45930
53602
52951
65895
22527
55969
87355
27635
64035
61954
63071
26180
53501
57441
53975
52508
7527
69816
88586
75949
78514
60880
44085
79003
31595
50050
9908
77840
44276
61675
17779
90205
31628
70730
72451
70506
43050
59805
14492
23436
38110
77563
49615
91610
51355
3589
44117
75233
73405
49054
67533
68270
26286
11618
63624
57880
78019
89884
35720
38646
51558
69850
28850
99537
56931
17652
70042
99980
77457
84533
23416
31918
78447
73030
23528
46153
92971
83996
21385
66375
49402
88918
50996
75687
16887
30971
49918
11257
20854
1989
49903
88763
71839
95104
88299
28769
12756
74692
45101
6564
59225
68516
54833
54023
57897
78360
176
50867
78708
37912
33593
44461
43181
84588
20147
76419
31911
86416
4028
52764
88405
70282
41527
60243
65385
29825
5363
94492
4517
66815
1055
80093
35330
55888
50467
9579
50599
66994
60445
45658
4906
10390
90118
64438
11329
26616
40857
43239
13032
44884
96003
1436
15165
37529
78030
96901
83705
99744
91393
4573
66559
8799
84665
18240
64686
35132
27818
31637
2125
4615
93646
23382
31356
116
87820
42684
26731
28676
85923
56114
89911
98277
73901
21427
35805
68282
18327
35861
68026
9719
40434
50936
18518
25098
69175
99555
76581
13345
47543
95058
34311
41189
18439
65666
41304
22610
8349
84386
67637
10623
56852
57547
8899
30752
95325
44703
99034
13652
80564
83411
39722
37349
34346
58239
62446
19872
74146
55379
49568
21688
50436
83878
79228
85226
65895
36883
24188
74244
37621
91824
84866
94472
65723
10117
41575
61047
54819
56960
91050
51734
40370
30772
89082
91067
5362
67880
27291
79507
39610
93210
17547
6397
77088
13126
91622
42982
66361
32161
33577
3981
23985
34795
14804
6059
44911
56378
67105
16081
13338
74507
84167
70059
5278
89600
77478
10639
73831
21120
6498
13440
14329
40396
19836
91416
53521
27810
50750
36233
59970
678
40213
306
51824
55016
6364
96734
27746
89821
29167
41083
64327
13333
27493
85956
2932
4970
96594
76763
26089
19443
6554
56770
59838
26390
64537
29711
54199
31638
65943
30520
32316
22508
30826
84139
77523
53541
97225
21620
43361
42743
79054
24039
56075
6547
9994
75358
27868
22940
68472
70309
42382
75026
27078
18572
1415
91614
48282
71965
23252
14224
2484
71919
53083
49661
72409
30606
3202
85985
68577
46562
28727
47631
70601
84801
54177
80594
76511
98396
3533
44982
68704
62267
20007
12133
80838
21421
20099
45471
9737
59702
76046
28573
31620
29129
78233
4028
59734
81434
6365
28310
44348
35091
92292
31300
36244
46468
28245
12754
61216
48130
57735
46271
10396
77742
58404
91233
15514
78502
36703
41603
54555
12748
70175
86174
41876
48407
6553
17961
46193
12917
62623
90540
64360
71266
38191
603
17734
66435
13356
95301
14564
87442
41571
24959
81535
99974
32543
97049
94827
85597
55003
49381
14697
25177
51906
72924
89935
74811
7237
52479
87727
86211
59370
52086
57476
97560
69040
91561
63995
82395
86861
78558
69837
28432
19869
51371
44757
52411
64771
55936
38008
36125
21668
69056
61301
73574
41979
67588
48384
49215
20066
52462
35425
79436
20900
9253
76995
89939
813
40989
88686
87674
35899
74874
32457
55767
26244
77213
24529
7367
33148
62536
43491
71168
47943
21144
61093
89922
5083
25828
55488
25148
78289
7265
20935
15540
16517
97930
21831
17329
55270
10516
21354
7520
85389
53810
63286
27984
31023
87815
51702
80522
66702
11545
51689
14645
32688
29133
20918
54122
54960
76405
79269
49601
21
204
65140
16537
14485
86970
50218
86106
97485
71571
93626
99225
25381
73263
27209
72755
77429
78910
53276
44131
90454
21317
75127
39493
50449
12396
93614
5409
5152
89235
55009
5173
5790
36500
21709
36626
23470
88278
22731
37306
59849
32708
36531
85229
22323
63739
57983
99751
59000
27610
60233
65806
48926
51711
21650
15727
64106
15264
37487
85610
20850
8847
90782
42991
45346
28842
79616
85167
17120
18698
22473
76968
67758
59003
78548
90080
39093
52882
6182
14444
80491
82767
80249
45769
34477
18251
77847
14935
49866
15333
544
70715
24179
7677
13705
85876
36518
93320
71043
53637
28369
93515
46956
96126
68869
41855
86205
24313
94736
8739
38756
91579
91505
35357
37347
42333
53607
15193
57267
3472
46877
74162
90538
71055
81838
4242
56930
18356
13913
27972
88344
42281
37838
51652
54759
6706
93506
57315
31018
4594
66053
86126
96172
57557
37834
49870
99890
91440
65062
73508
11263
11938
47670
18152
99344
29507
38745
72625
64214
52657
597
68910
11289
54786
20561
82399
61492
30418
39714
8861
51363
5766
11338
47534
79675
49171
97403
79564
56962
78816
69423
84576
7105
17092
2727
6448
62951
41471
95425
27164
10479
96021
12425
21768
50806
49337
20518
28649
79755
60231
53862
47469
65997
65199
95003
45671
14370
8757
41586
87683
3925
11008
72259
11029
44452
74985
33829
7402
32808
29253
50917
43286
41625
63342
81405
8782
12678
1923
53783
8784
62153
7644
56253
44501
72842
67607
6523
3563
76363
48108
91246
96639
75468
63504
7668
19919
54840
57848
43672
87647
3452
94588
30933
61428
74281
12337
70209
86959
30611
23991
12094
92764
47986
68346
37264
20828
35952
43787
24390
28667
8246
31987
25305
83713
95490
49324
19983
66682
23523
63654
70680
26974
74594
1612
88401
48874
30301
74962
52184
77263
15304
64278
70026
63290
48975
23642
84117
1279
67428
24858
29945
75673
56845
71601
75738
68686
20925
12072
51719
60799
92078
22399
87773
83023
40362
92525
48248
87014
83838
432
64277
15494
81061
34302
78783
46387
57943
79251
47665
41722
20460
93961
33747
93656
65562
25836
62342
2838
37907
30412
63636
29984
52810
67760
13006
93172
76637
77606
96537
60474
78037
60813
75967
75449
11467
71101
21835
85761
50351
85852
43835
87163
79812
77581
80818
45373
3416
43159
64562
57674
73571
44550
4010
42732
12309
33367
52255
88945
10972
48792
65771
5360
25956
58089
80808
53774
29190
18995
39535
95892
4846
83369
83054
84657
77301
63872
46382
80716
23382
27295
54741
13304
71844
58750
72388
505
92117
24642
89449
19440
89785
71571
24800
15741
46012
5607
85866
75201
40953
25400
87444
45798
25120
86850
46807
2420
67073
9540
99487
6806
36834
54228
36462
25030
29329
8849
25534
37797
33490
31334
57237
39627
2905
82036
71719
65268
3994
57584
56820
44947
82984
44263
7096
24455
47464
70254
26875
14536
79793
42713
21342
32979
13292
57803
58008
42621
83003
83541
80417
32844
31226
54005
72470
50482
52392
44188
15749
72738
1772
72568
34036
1107
16831
41131
25561
80646
11385
68787
95182
7529
11500
32875
40507
24791
7029
14866
83763
90031
14758
80532
22874
45984
34536
95344
96465
3280
55883
12214
76017
74006
1133
10052
75112
17963
67534
17025
98609
95270
85811
10142
19151
13662
59368
59657
54805
66396
90875
38567
72778
5632
19098
95651
67967
69986
7346
64432
73265
79581
92997
65633
53586
94129
75684
45050
28444
59569
62074
43404
54839
64236
69897
73989
77898
29264
49997
49054
12011
57223
87620
84788
62855
6718
96790
30821
76703
20488
11604
66319
68
20952
31951
70005
31433
23986
15054
59876
83554
93479
19631
54744
57715
89527
45084
51964
18790
11433
1017
30800
68655
88636
31939
31509
11705
28728
78682
4759
49215
6637
87429
65634
43941
19379
35639
75373
43364
50692
51600
43270
44171
71230
14365
18237
60756
59449
86552
95897
70881
87568
43048
39535
92555
74986
87396
20612
20065
82429
25370
85632
5417
12799
51265
49357
48529
3255
24729
8245
53947
76328
51514
14469
63909
65878
49057
24664
41678
35608
36912
28910
39527
96311
84797
48433
87648
88544
69044
7713
87324
10766
93344
92740
39916
60960
42097
88444
64215
83177
13040
34513
75857
80905
48981
39765
63135
14389
80781
4812
49996
34044
33722
5874
30355
34870
54306
18002
23413
39702
42066
10736
50467
35409
3475
6734
12721
61923
11529
76935
61452
24569
11447
37308
5473
76779
77072
68607
91167
74204
89771
57514
8248
39844
79739
38602
74713
50396
72955
14477
90097
15021
25212
56915
66781
45038
63648
79501
23313
75177
72787
84764
16097
585
38423
21569
77363
31846
6528
84881
6050
96298
58746
14297
52493
38484
69250
27205
88880
58556
41681
95328
73576
83244
52243
56709
28281
15890
52561
67945
7418
25348
52708
23514
25932
91130
61435
19647
22976
67962
4527
45377
80611
79625
59673
33103
34460
45274
76659
23339
3829
34691
35019
93757
17934
87261
50465
62566
19502
3025
30511
26920
44724
99570
66785
70656
7052
28219
90302
30027
96180
11180
75403
76790
90804
51427
26244
25264
13052
19254
64954
16880
53944
99972
10636
88229
3584
77452
67147
23086
80477
14009
66357
25200
13578
33141
12207
36981
77712
2508
67007
73891
30040
58761
67033
20843
26539
9628
62458
55942
28882
27412
72822
99177
43735
99809
87406
63671
77261
70904
3108
74089
84912
85816
99288
14841
18956
11495
51822
13019
30354
35180
86910
76745
10293
70294
13940
53183
79921
76397
9125
8802
20160
98298
7979
80247
98106
11736
43917
75366
82639
47024
49454
83902
32839
65094
15094
68146
92940
66915
81165
39645
18447
84426
16390
28739
54719
30329
98273
50991
23077
7397
76145
43237
5694
475
23483
20152
28562
67399
11869
11200
30774
77675
11453
79964
42768
26546
64461
52059
9813
61977
8055
28259
46402
40796
73349
17472
71124
71621
68463
10553
95370
60959
53789
17415
61433
93623
37566
89994
77373
49435
17545
8146
27109
28997
4461
86228
71894
68921
54638
81706
30898
62692
9964
93651
3488
83312
11123
90963
71285
95937
1515
66654
56895
71655
420
34679
65277
37986
24672
42649
3772
58568
67146
47232
3916
71606
49811
75809
56879
4448
57515
87776
83491
83830
81426
3330
83494
8900
10645
71130
4836
28511
37783
78082
166
38202
12760
81794
92539
37431
40795
96310
12350
7940
43541
16265
95898
9703
92074
52776
14150
65940
56903
13993
66121
54680
33674
49614
63580
44318
20743
84767
72829
74877
62849
89346
29431
75608
71139
21969
29391
28285
34631
41740
36225
94523
58005
48474
4226
66430
17601
34727
32369
74503
65071
14841
45534
98745
64455
25465
43062
1549
10232
32242
76426
73080
21587
22208
65039
9078
60528
94429
37362
95158
52521
89938
6033
26877
38411
26610
93306
72363
77688
42026
63217
42759
56866
8751
41503
37672
34215
84564
39221
60798
33158
31998
33877
54744
54205
15268
80173
14732
26048
33887
26242
78568
40176
48626
21796
94939
75235
15101
67301
52922
73478
30518
12032
30344
39268
53534
84367
89834
54450
23587
50632
87607
71936
860
58702
26140
16127
38875
57224
58527
89113
99817
53446
29288
48442
75242
24226
40028
6694
91527
9301
80172
38396
21333
26867
77663
91218
11233
83848
45667
51172
34479
33273
23107
35339
91975
49247
67817
47201
22822
26343
52665
22638
79789
81952
87431
71382
6178
27458
78075
14056
53110
58246
52451
74442
85112
46465
82012
12697
30312
27678
63868
64791
60951
3326
16481
69277
68924
84297
32829
91745
26992
85493
30734
23132
67444
18164
94513
89973
61973
72587
20380
15083
30833
72830
5876
32296
35646
87887
61344
65958
15565
25211
47100
92867
28537
63580
78495
97460
64228
11323
5557
91219
13167
36290
14350
96962
54454
8862
3287
32778
81449
23666
47860
28633
12848
70088
77280
48493
57974
38624
30802
89890
80186
77901
99108
8722
57832
77602
22534
22060
5276
44442
29630
34794
80731
60332
31756
51536
69193
35042
84314
66993
58707
48525
11977
87906
18612
89257
52751
92938
44232
83552
82827
24417
77805
81935
49491
51988
75888
88376
74047
97516
32817
20029
32309
29899
80360
64064
81435
65904
15457
82100
49249
74164
30624
61225
78421
49236
66833
31171
58525
11064
14723
41351
51833
8879
39637
1323
60866
31877
89698
51265
29392
22514
71293
61700
52412
68004
42116
50198
33907
57572
32297
83155
48087
62921
60732
26508
28508
43916
74030
87032
54980
5104
44734
23164
13982
723
24486
91200
32599
14183
42464
78342
53048
30108
56393
21811
98111
98508
72009
48369
72432
20657
47876
20518
99929
8607
63377
28436
52522
37407
31819
23853
42510
76553
47016
72844
93627
87853
64043
26225
2035
6506
4566
71434
36613
60958
93245
51075
75818
81605
99443
48249
2261
47318
85118
2190
72276
48495
46977
41150
85901
78796
65002
44762
71700
28370
17605
65326
16222
81647
7902
34609
4504
28819
6042
57468
6128
15638
8542
81945
13594
24337
46545
15855
88006
31663
34396
60282
80157
97724
1431
82409
76519
82784
43522
64570
11153
61127
46247
43727
59125
54148
78335
79981
82966
728
37448
89094
16366
62342
87390
46311
86678
33935
78517
74683
65597
12912
51316
62105
10636
69098
60865
3506
51882
4386
84428
79386
81864
30674
23112
57341
1174
17798
37321
84139
18526
91120
89584
51243
53461
93326
97553
40138
27260
76070
31173
9208
5333
98840
87664
32320
67938
48528
35826
36171
69265
36605
15556
67481
67278
55020
41173
84803
72817
94845
85294
91342
85964
74877
42584
39425
68202
56489
95914
11813
32558
43438
37372
54242
42278
25035
86562
26567
89914
38739
62737
59179
75343
78292
43011
58972
33311
84183
43775
6128
79027
29068
13821
81342
20296
72757
37118
4850
29245
33032
33014
78154
92821
70386
32395
51450
95420
35308
78016
85334
74046
40752
60864
65740
35396
3874
41064
85058
4408
1190
7537
99786
46609
21358
81127
66904
94114
18245
88105
39710
67628
21119
17863
76800
91504
66609
28250
3275
1917
22617
88608
92314
79721
65823
58054
15116
69696
99117
16525
90455
16658
24062
90240
63266
61771
87719
30169
72236
22315
34626
11945
89942
55744
46159
66741
63599
12767
11342
66873
31035
33959
71833
23349
13679
37655
97754
45146
23703
13222
78022
30509
29879
18435
20749
93144
80205
24819
39664
68792
47133
74289
97088
37074
46384
43246
20166
26334
72365
47860
9559
3399
81818
97743
43099
11848
35397
40852
73345
75451
54073
67718
5960
83951
86153
43060
77094
82709
67878
33110
51501
31362
7398
48588
68435
70134
8186
4952
96467
80550
52811
22377
300
50980
20119
43399
79179
55516
84250
68875
47318
54675
36593
69629
38625
39097
29040
32071
21805
13269
65180
73305
44630
88929
38245
29416
59062
46430
34368
71881
26979
3530
94257
43630
70862
14376
87028
66392
86243
87630
51619
49912
42304
4563
19541
80928
43659
48580
29350
65463
61849
94529
55120
22830
83458
93364
52246
58871
39793
86613
30751
83123
6494
41360
26752
93707
72087
30132
60099
58329
17761
11717
24592
60064
16279
44132
57343
76289
9064
86693
41751
87264
97573
13222
10093
97382
6585
78690
56253
62729
65302
3355
62203
88148
44714
5307
81854
33152
35438
41952
91480
69550
70020
16072
29613
2650
76555
3307
78938
1970
6351
37041
5585
3924
50262
32030
1305
56847
10719
73909
35927
92373
77264
98130
80520
38329
3436
78725
71481
55225
37029
79312
24774
7048
11735
70738
26050
4642
74044
4987
6611
96747
42027
28548
670
8641
76929
18326
81839
87647
92235
17765
80019
69498
32246
76890
24178
52033
55615
95658
7257
92643
74970
48382
16042
3056
19119
42091
7697
9515
63430
30660
22613
21808
59207
23282
30448
36135
41607
12286
40133
50193
46403
36504
36042
78648
13393
60220
30681
85359
72229
54289
94353
63550
19023
10395
66606
54493
68837
74302
64007
48618
4961
86619
70426
80519
26252
17225
16653
84211
45863
73138
50755
92265
9641
86797
87264
39385
47016
34296
24744
19244
4937
19096
82794
23959
45842
65751
78451
31031
40052
58810
79648
61365
61780
50073
41883
88032
83650
74888
88594
29512
48025
39348
38128
74017
26144
25391
13401
89511
76039
54496
25107
80975
73592
24252
4933
35785
90002
83383
66815
46405
42192
46463
7769
20324
12887
66004
8355
12888
40891
13300
58751
5267
68999
96878
79283
11495
38621
9035
17357
14659
63531
42463
95633
53474
66714
565
89258
73067
299
72425
19472
58843
18887
27240
79166
48125
9595
3872
61013
50485
17171
19763
72103
2521
32993
67737
14015
71613
76772
31372
2623
56654
90186
98255
10127
73252
15171
99384
46318
15469
88160
65789
90663
7046
9381
69828
71523
18975
73699
48887
85812
7221
85001
74266
9742
17993
42003
40108
5957
35126
87831
8579
91779
78017
6833
1905
51268
38355
17640
13937
70176
5800
79726
60838
29197
5458
30666
17071
40784
20716
65957
26595
27937
67310
861
54030
85302
59215
10489
7611
94340
98320
16189
2470
92688
39374
20726
60307
77728
38365
74243
47903
60516
70320
8741
6065
75777
55758
23135
16561
76473
5444
59507
20761
72753
76719
74790
74406
35933
1631
82016
46624
99950
14557
49093
8989
53930
69818
69295
48009
24535
43537
95912
1402
13857
21004
7466
5985
76761
46953
38897
69585
68748
98404
90346
57852
91474
81487
32257
27407
83117
30625
90382
99418
61533
39475
8406
15462
25644
77700
79822
66530
37589
92085
67932
51445
13088
75397
57429
6200
38701
96326
92137
7448
11081
82482
65299
2554
80320
13908
46312
63437
60884
36694
62854
22416
92520
87612
54229
34515
65311
34050
1045
2899
26135
68976
70695
55574
60724
44476
78126
99425
57153
70262
6872
68233
69095
88523
87138
49414
2430
49802
29202
63313
2847
8408
2080
95366
96019
56308
46232
61329
6709
47276
80580
32843
32603
67626
4769
93327
12101
99246
92751
69253
69507
99622
53837
54953
88144
57327
20718
6925
7128
49920
86589
9974
58327
88668
21691
54345
61327
67922
32025
68036
15198
28956
17230
47800
96582
21998
41126
8682
21243
50228
94287
7101
66202
48123
78405
54345
5449
99123
77622
28928
49042
64210
38901
23720
69230
60591
78064
30556
28513
26440
98591
60062
55396
32173
24213
68329
54170
81691
93362
91765
31918
87648
15217
98119
52123
93622
68816
73923
92744
62789
2851
58137
26998
41751
81856
96227
18694
76271
43135
63558
2710
41725
39971
74457
90249
64183
42785
44419
62225
36147
52535
94143
40146
67751
8613
92268
77724
93780
66191
70467
56568
85393
28603
99918
43495
10458
12496
62188
3080
55630
42097
5790
13707
82067
96598
3955
62602
39383
64725
24826
91881
17259
35320
32026
1362
43933
40646
79085
54064
23188
49552
26984
8580
94506
26901
52074
21316
39396
30614
24395
95026
72710
46536
8732
54777
43134
29038
17378
98868
93763
58555
90748
11021
93875
39125
28734
54159
96122
7819
8222
19309
73722
35205
27888
68227
78457
79962
5894
17853
26927
30289
12878
99636
93176
37961
70764
36309
66998
4493
35176
60760
63048
42275
88133
56922
97752
16866
27432
93873
41036
35653
13182
14757
87210
41069
99336
65666
37382
5229
99870
64308
51869
29099
80296
45045
67059
51059
81353
50409
55552
32881
27520
34951
75155
15652
91872
89258
48870
19303
83131
89905
71307
96312
4662
74868
53732
20349
56886
7466
25577
56755
71773
93798
85854
52068
38842
69264
19479
36546
19672
75030
69426
47192
9980
60933
79195
18203
50190
28064
53857
49672
17969
41515
45983
38982
16383
16067
59330
73268
23532
1258
46374
11656
95055
32227
63724
33896
1491
99554
86794
37514
90935
56219
1057
914
33503
80252
35468
83693
24667
5676
49716
58987
47190
95699
97968
63572
28117
73649
53191
51648
74907
99565
63303
86313
48143
43378
36561
65985
42931
23354
3499
33865
79572
4555
51130
29427
1158
2949
29471
25825
8624
79186
84811
72166
91236
82779
35737
19352
72779
5280
87351
64037
21196
67006
50350
69338
26735
86910
35323
86018
26615
55173
36234
6186
76079
3716
51964
77237
6664
81434
3061
31640
60620
87871
3805
51855
87001
55893
87559
76132
77524
74909
40168
98719
58266
6869
84409
85001
93778
36083
71018
20392
91255
7251
42930
67333
10966
11245
60921
33982
92679
63981
65621
53298
68204
85777
21504
55204
41669
9062
47687
35545
323
87855
34263
58588
94723
18671
43588
4853
54753
30957
41596
62359
38208
877
46044
65525
12122
6964
99506
4800
87297
81478
74449
55500
67254
95952
27055
25275
21366
74742
60819
21688
62596
11433
96627
73670
30104
56567
94874
1208
87523
36470
63567
42082
53698
25962
7607
65819
32925
23464
86970
20221
4942
77770
92072
88547
90074
35479
30173
11439
10220
90991
49478
89167
18776
62456
79188
48879
19022
74062
66438
6545
26883
46356
64978
80580
72317
72584
62751
21594
12400
49720
58166
33693
27490
50238
22239
17563
85716
52412
45353
12287
59754
94830
1453
78529
57285
96992
43759
92659
71053
10197
99203
97935
72904
64180
78515
45221
53116
41265
83166
81867
7336
41331
15559
34825
7920
37797
68739
9987
6560
14091
22273
66314
25272
40077
61194
98909
37069
4953
91567
24473
31501
7121
22408
20756
87652
17274
82328
57119
58538
65493
38985
82225
23176
54543
33402
31095
8692
2140
57434
15251
32583
96058
97916
74206
52487
75462
89466
5907
96766
81032
30379
28266
4504
69138
65373
92156
86411
47701
65626
61300
13193
4611
43525
36368
75505
76926
83815
84196
95417
41248
15799
44351
53657
13714
18557
6143
89175
8022
12049
85940
5406
42428
30557
9909
11565
95930
18416
97976
43630
394
75627
73174
5004
19151
25894
96860
12428
9708
81056
7845
67307
96854
52195
20963
26919
87103
27106
16094
11477
55506
18385
16882
97933
65294
43142
25850
61223
77910
40177
21204
78303
15803
10729
99658
51306
36622
96517
63733
62681
77572
87929
29987
90777
56476
67302
17696
59930
10759
50141
71406
66264
68525
88287
80549
33818
31429
6398
11392
9338
46574
48947
3992
78728
59676
3649
30033
96297
165
10118
75330
77737
14398
21668
84865
70873
88969
2560
30803
16079
52700
18560
82343
37577
6847
62891
87746
54627
85640
99138
80316
32213
48084
84307
10940
24111
87955
57325
36760
4471
67442
12089
98559
81839
33756
83424
69064
39077
2335
16218
55155
71387
34777
53849
8963
57975
16739
96708
28953
18730
12197
25620
50942
76633
26278
78234
743
30584
51910
37502
35055
35703
65942
33613
33893
99698
17036
2956
55126
35723
35525
10280
7109
70302
64129
16071
44628
97219
29130
73581
32301
57679
99200
83242
34311
25478
77827
51405
56061
29736
88907
7467
81790
54848
41080
15683
70897
74467
18638
26022
10189
54163
52654
33649
40816
33134
66071
85443
46704
95201
75375
79004
69231
90927
62246
3541
16404
56424
54945
88816
2512
60203
96283
84301
31403
53714
99983
2299
44532
34973
28321
71073
5487
80974
4721
46302
14107
70792
48096
60810
82344
23471
39814
51574
14397
18411
55114
47152
91186
26410
52319
10049
2965
64953
94350
34367
18666
10684
36665
79550
45656
81337
50622
51142
62310
55342
13795
92768
26133
61891
69930
8476
1713
26095
76401
32461
44505
47866
79612
52042
74276
31930
62091
77240
13235
56440
27958
48252
83475
64622
27801
45483
45959
78422
12976
24620
33764
26771
17388
76248
5013
3669
1076
6725
29763
77476
39185
90619
25342
35148
42660
15969
83429
4750
9560
96663
77541
37517
44915
61016
2138
89067
22850
64448
67489
35825
89068
17604
78947
22807
93851
83959
42827
94926
7035
72589
88754
62571
63207
14095
14070
5866
30063
97499
26968
39622
10513
4508
93490
71779
81875
95627
60846
21076
76427
28334
56901
81846
62289
35847
21004
56139
36158
63830
67417
59544
36418
56170
22115
15976
86616
36184
21841
16678
50034
65160
72651
60547
86020
66140
48677
84246
78118
9522
5322
70896
54207
62222
52741
16495
14420
73744
88986
50577
53925
56402
10121
90342
28923
48587
22669
15538
1122
44510
48567
51156
26021
21217
28054
12040
3708
76730
96286
98177
2604
1607
85425
56810
80180
38165
89657
94599
28261
94994
45176
98537
67747
71648
5231
96669
20234
27899
28558
21355
72408
77124
88862
14781
14692
33267
26820
34751
9997
23105
49279
28952
41063
34703
2113
21242
89220
91769
15841
33832
3114
77368
32368
70860
65367
37598
67528
1952
65497
96085
39658
54256
89560
28520
69036
4251
61786
95856
39001
88134
35312
88280
17085
92727
39334
19198
13968
28553
27318
46160
62384
30432
39879
94752
1291
5245
32349
85171
7196
14197
97607
46854
68453
87167
91725
37488
7769
53510
49695
46770
57996
1359
51401
75080
94085
90734
10629
8052
35639
37947
70564
98022
84730
10442
9125
86020
15687
57826
87542
39234
72022
85149
2439
40474
72315
94163
94314
80083
64025
60360
43204
22020
61718
10956
13451
72154
18042
24080
80206
53680
78378
67121
68053
63107
77562
93530
65478
9600
51355
53020
65186
39728
38168
67624
96554
26834
61787
90867
23268
42163
67578
82824
64182
29296
93779
93984
1449
11820
18063
98006
81851
12792
81478
66256
75898
59040
59785
57728
68639
11139
10747
33824
50866
65266
17800
63771
8451
95938
70989
31718
38100
38567
14541
2281
84214
24672
96264
2014
52843
30679
16372
34694
43470
97849
949
35720
56888
77085
93447
41879
88223
20545
92054
55440
85810
9853
19211
94260
5790
6551
42329
60241
45117
73222
78873
29330
97893
75137
47696
67087
22167
64067
1780
81988
61915
19080
34059
35155
96164
43857
77033
738
64401
85438
72530
66562
11643
8092
77173
33784
14642
19502
94025
76111
9075
72897
5440
6967
64385
53135
74053
2903
33553
92185
84891
95468
27616
35301
30622
40132
79158
24006
57221
59910
9443
29750
26472
21085
54193
19996
71221
68835
39497
65245
44945
48571
38141
66736
71889
18878
36223
62294
21780
69775
70830
6670
65242
98445
58323
12215
54928
37480
36220
12149
97389
45663
41898
40212
83099
12443
60208
54319
81277
16056
35915
42573
80979
74056
25660
52867
92933
61882
31512
14712
48009
2341
37734
29602
17138
96056
41817
72065
49887
78036
565
47275
40050
42463
3839
39501
71257
64046
10171
52533
80101
46086
11457
61079
36493
37116
30298
45777
15350
78161
76840
63358
80502
14573
9311
13991
26980
51127
2407
76866
45515
2972
40493
1916
45434
44331
57768
16690
24728
67939
85574
21180
30376
13382
98611
66868
66849
28908
12644
82198
7068
89483
61907
3921
20408
87570
17911
47387
38696
20318
40605
562
23289
97449
18830
85074
58131
76597
18115
82858
44535
20040
4037
74910
49773
2647
58129
16621
47906
70772
15171
71326
76607
93429
91598
97014
80998
25861
60752
36046
62530
17708
36607
2170
15156
55436
3595
73286
48385
38061
72495
92919
58100
92884
84181
24224
11882
42309
40844
76140
29433
56014
47465
22391
65795
55414
35756
46792
81274
96507
99189
43803
30567
35796
45972
62074
7583
65918
51712
55967
3978
24206
65238
78429
33441
65770
2652
45323
24430
43496
21462
53862
15861
85278
76252
81655
40691
12007
44799
21965
24866
43987
82119
71784
96134
44443
33857
3717
10360
85568
76035
14338
26126
57624
92766
75918
23393
11770
21240
47823
55265
59053
18036
87477
44330
94288
69132
1373
22646
30282
39689
63863
74268
21807
35646
86754
82601
85855
6822
92961
87774
82856
23650
30251
56832
32767
6169
80224
44536
27408
28046
16152
2813
62434
3629
47142
56721
89112
64866
95718
19393
4554
75933
10012
42713
27930
96765
25313
30136
3586
34625
17910
2794
74626
48160
59625
7393
70680
39848
68280
98088
84246
84432
17252
46679
88060
80745
19751
77171
45611
31820
12915
50164
7752
22926
9228
52034
36043
50893
82169
39628
85517
16430
42421
60143
64590
2045
83887
35269
58245
52166
49708
58842
52949
66959
5520
41008
47704
41622
34530
9666
73441
63796
76181
97545
3074
85409
65930
39116
36301
48098
95095
38169
64528
37516
14663
45469
55912
98549
97089
30508
67067
63149
89349
20015
46459
11220
77375
10514
52841
11904
20179
42634
92052
96360
40178
95125
98120
22459
34240
50772
70556
29334
88940
51435
83201
3603
13255
55465
2151
26696
2324
85569
6196
91673
5584
52654
19244
82958
79520
72085
11213
99698
31070
3264
12409
87599
14740
26880
10057
65331
77651
96964
11017
66591
48399
94217
70193
78005
66033
88695
21052
68357
74264
27247
76381
96199
79901
95624
95508
59420
84060
23072
75469
15129
42688
4230
2727
57427
47461
12783
22758
25112
9747
33774
8054
74497
44342
94598
68853
10375
83292
89905
95083
73907
17151
71463
86457
13403
67086
81964
89174
51146
21388
80995
82626
64075
1576
85353
21501
49036
14487
60610
74147
40585
10735
98552
15081
55077
93149
286
81803
92793
90190
76885
83051
23692
64699
69508
37095
31784
67823
42620
99281
89210
23614
81907
53284
25189
83611
91137
90577
98097
68098
81075
38682
78833
79627
70114
33909
72775
70399
32063
65567
76940
25299
64970
632
89997
34477
54078
21780
18651
96697
37413
7861
20311
35671
77496
61851
19281
84984
52427
17377
53082
33502
72410
31914
13128
42524
82174
2254
12922
14236
84173
89862
39534
49142
6845
45882
99970
60922
67661
18620
57618
21425
26480
94280
57095
20328
56131
92727
5311
24909
26456
58392
58410
98865
90305
87889
41388
88830
90143
70662
3065
90667
60523
58950
39808
67367
4831
39777
28288
88844
58396
2257
26620
1228
96537
67
21555
52667
92793
43217
93927
19248
1609
52337
18113
8265
40225
75852
97095
46719
46513
16511
37385
23387
91813
93544
90753
12995
33320
35392
18190
8068
54001
44810
9295
50537
44876
47201
19555
54020
90417
13481
73268
8377
65817
7732
16642
22394
83583
13736
85464
30096
46598
39201
53482
38410
32744
60587
51405
82416
12330
69594
90483
66330
30755
16129
16866
75630
63329
52772
29650
70097
66253
19269
78474
48421
27000
11467
87166
26934
25202
88982
57029
88151
28182
26863
26561
77277
87449
94317
59692
16130
80262
66526
82460
11017
82654
15677
2998
62334
68449
48999
32431
34701
68267
27256
99473
11618
38722
86639
38552
80275
75620
11932
68425
20153
38794
11337
97429
42594
22005
73473
58724
2267
39998
57535
29635
22652
73211
48984
84985
58011
97983
33767
9063
82601
77374
8536
10571
32447
11526
49122
12721
3497
77405
97498
23649
16199
25186
37429
75144
47191
10901
50219
65809
50899
24105
11795
73550
13668
60778
74886
71678
75112
25005
80741
57713
18730
5628
68283
51177
33505
33756
80249
37001
11160
94098
77001
43710
19284
14429
18854
82826
25330
85424
64986
92580
9529
76780
82481
23196
53909
73718
11225
29021
15074
91965
86733
33804
13944
71367
1332
47448
5122
81580
800
32633
75678
77800
76343
11313
8581
11548
94138
33910
96971
75475
42841
22851
52254
25321
46046
6162
99038
73623
35182
14112
65587
38266
47915
95883
9632
65598
59682
31105
47177
60482
63738
39206
54633
56432
50518
63213
84331
61007
13474
81301
36481
56314
20504
5086
97986
82901
27600
97024
56523
79133
27487
38462
17399
91753
34344
43382
57350
10377
90839
4526
70858
70928
60084
41843
27359
10601
5055
11689
87960
34881
9341
24440
91194
29844
45878
89180
29097
73477
2555
85619
52609
30041
40432
86359
38145
91127
29741
95494
1504
36931
16371
88713
7858
76454
30555
35216
3407
51962
63256
91366
86842
72596
15805
94387
18792
61682
99918
47888
51510
2472
49858
4119
48864
90290
6829
87008
81416
36569
98853
99271
89851
15224
87984
97708
8029
18538
49275
11435
86851
12530
2800
73692
85126
34957
68079
20269
96638
67996
84508
64500
86820
34365
68618
52035
41006
91798
39043
38774
28367
54247
38044
34569
69470
42379
32277
77499
77269
81551
88933
64119
94081
8085
37811
95558
43041
22241
15826
56030
90236
16685
20529
93407
51049
5498
45442
8407
97296
836
63532
42014
55082
1575
76582
40904
60306
8858
18402
37574
6761
23686
1692
17193
31770
55854
12750
91162
78094
44927
47192
84682
61611
67720
78088
29011
89570
23529
37417
86865
40716
948
28878
95798
18875
21811
36701
79180
47021
71454
16753
53781
11491
34796
70973
59613
90650
74
50774
68743
45000
97965
53424
6610
82037
47864
51972
71606
87744
89389
58470
28460
6688
3699
40609
41914
25509
77309
21093
72529
48762
54197
42661
76604
88993
29985
36216
95994
30058
86990
64736
91409
84954
34512
14370
83342
98727
66342
54947
86470
72082
29768
31281
78769
33466
71889
37035
75327
49197
74479
64207
14310
28676
6868
7266
34020
53204
43481
30013
99614
30470
11100
91022
31776
45611
5392
15117
44337
88085
86416
47159
60166
16183
78439
55286
49649
66680
92320
41327
32228
66799
5533
46538
11826
28752
70155
62197
81956
13635
92209
81569
44105
19660
72590
92232
65271
94333
23700
25959
82417
10115
89469
58934
42650
84260
14220
8650
50939
22891
49976
83166
6041
55508
46055
17866
84260
16209
96414
66215
29844
88622
64135
90300
24634
36724
98883
6256
47409
22582
32214
46177
49049
38035
5111
91698
22294
19330
347
73232
58572
66674
72749
64613
22181
18804
98830
6440
51364
95244
89006
81207
217
53140
87858
24850
6216
86740
31105
69976
25674
79671
16152
91074
17705
21262
99123
56350
56943
15821
45933
15515
82494
18681
80127
4674
53836
95308
27466
5200
90551
32823
2758
90768
2315
90616
31969
8530
93707
63074
78505
35732
59096
94656
43157
76800
32270
42279
49501
89212
58099
95433
4726
40592
30465
1204
61618
84301
96512
89083
5852
3414
21905
8609
94181
24219
15576
42502
49100
25635
5575
43956
61366
64670
54964
4523
57821
87233
46801
23673
76444
21252
35457
97522
61843
65921
98725
39812
66573
11588
28894
72424
15002
67151
81033
25534
7721
12960
68035
56821
38594
89961
17128
99960
70982
72091
20834
45154
75675
83986
68826
52119
5237
4282
65992
83432
70203
64716
23243
36775
92656
68489
25551
7657
35639
6583
49542
59711
19542
17577
32883
74488
23889
50011
90799
94871
38453
11632
40024
14128
11969
8850
82598
17206
29483
48589
16989
99685
29656
56583
52812
22311
41423
78362
46319
93413
1296
12213
53124
37189
29789
86006
28028
70029
52368
18826
64899
90821
30457
21275
21300
42426
46476
3897
75983
75958
52485
9323
91995
98492
82257
61158
20803
23680
55871
83473
17092
73518
95685
70215
10706
41825
72573
38734
11854
24940
73911
93104
32112
4368
14378
53411
63145
77205
57307
55479
53163
26143
64801
61509
24635
47057
22666
61789
70736
78536
45261
4180
68405
40946
74394
79110
99122
46966
34195
10975
88258
8106
20431
20369
28825
51160
73780
91969
28365
31086
63799
81527
73581
28599
59387
98215
92007
82052
76355
79095
76939
21615
83274
45343
78912
74019
40804
78034
37337
91351
5360
25594
15808
25790
45962
44632
76950
19741
52952
5314
67179
16750
3192
57111
61700
62578
55325
70058
60981
31679
49152
54271
69645
48777
99613
48557
22796
56768
42942
60132
48118
48301
85725
80277
90443
48038
24908
67392
67779
94211
89057
51309
27312
8600
8419
5363
87529
80095
75421
48509
28125
40924
2779
97769
89701
18743
62677
28848
75510
21970
5331
39980
70271
7407
20256
77065
55444
61516
60808
39574
55726
66216
7234
99390
74815
15652
4752
62343
12098
96524
27203
40222
37448
29981
54343
43500
65075
17019
88699
40584
55341
10381
96915
41963
17787
17171
19027
89582
78686
79834
29156
50763
46049
36389
66504
37215
68393
87608
99557
80490
84131
26759
20712
37930
73091
91406
97781
38165
24776
2831
95100
80116
13211
92015
22078
47349
25537
41104
36931
20574
37289
82438
87688
83337
18826
54192
20551
3570
41799
36459
84060
42281
79569
21123
80211
52659
28880
94343
7175
53655
97174
2275
33771
10384
10641
55848
74085
36177
13304
11015
56750
50592
93452
44437
50281
28629
14980
87183
32199
56778
23642
32610
99059
3210
70084
95621
72221
98963
89963
79395
52617
3488
81669
86387
30224
92309
58587
4308
44837
71890
15322
17938
22481
8773
78727
89113
53753
93706
76296
85951
50484
16289
34912
65894
19498
21347
61514
8070
20309
67828
87465
89278
71316
85485
92016
1539
94146
50602
22198
38982
38843
37519
56920
61324
62643
51998
66788
16395
45703
43083
18698
12538
59371
53609
78431
95221
74956
56296
3290
11616
24124
90754
893
11791
92591
92909
29681
86736
59862
51878
42069
98705
5748
15340
76380
68390
67337
43167
1136
13040
86250
19833
25577
61972
89794
20360
57192
81101
76655
76834
9068
17130
83939
9961
28920
76529
19221
74952
63264
95434
26829
5333
94138
32576
20672
86869
17317
88009
30036
18453
17400
32637
54637
42976
94608
60782
63335
68152
41882
56342
44985
67302
73471
28923
93614
2391
5452
29186
93694
85067
24619
20523
90399
35109
69450
27423
21977
3119
31783
52012
37923
49182
1000
92559
92157
11960
53341
71844
80111
11574
28185
25095
78875
1655
70369
88840
20397
92172
18025
14091
77239
42644
50965
83989
77752
36766
11411
99728
39884
43193
68092
77806
92374
69091
86717
883
97402
56409
89078
77512
67982
33614
18958
63209
51620
89327
52048
72017
81498
70073
2459
75088
29068
69775
59077
6819
22892
70487
22898
79128
30032
90989
73285
38757
76432
60001
55991
73833
16409
45068
67697
743
78681
86654
63951
46653
92332
32350
18669
90182
18774
37479
65269
47841
23605
40697
54659
46496
11184
93909
25623
57567
84897
15260
96323
77680
75260
68666
67865
8021
13733
51913
8763
8766
54918
89065
55418
47250
21414
90438
53783
56540
44268
35403
4380
84224
76100
75391
30719
3635
69299
72694
77553
54195
87953
90227
48227
79564
58892
32443
87584
72625
84355
12698
97742
39272
1762
69511
2873
39528
76300
73007
96067
20567
24762
446
21142
861
75836
51860
20847
45134
40905
14751
15681
45209
4977
80259
24773
63869
12701
28708
52845
13407
41406
50586
69030
59519
36448
71903
99046
12747
61261
95112
49665
86022
11910
70806
3234
4097
39017
40432
65583
96274
55182
97615
41482
60159
94225
82606
24027
6925
27666
93223
36683
69071
60160
5712
28589
96607
93966
43987
25705
55227
55450
91721
41248
67359
78878
44482
87808
34246
1265
69742
30519
56447
67356
88353
16605
61580
87310
56983
84856
14975
50205
37890
397
10364
43601
45338
23322
53919
89324
49026
9145
61125
57098
66744
28484
35975
27577
32643
70220
28842
2384
17091
85288
69739
21795
18244
47670
9104
91578
48877
40431
58134
86766
57179
68497
30366
2516
8170
84284
8191
73547
9780
69316
30644
92876
14151
66618
20452
63145
53189
65645
65528
86631
67284
51618
8425
1879
15639
33881
93456
64515
90663
51589
51280
47841
36437
81645
66709
60958
82281
91251
34504
8412
60566
65147
1287
91068
48116
38091
54212
17657
3735
19739
4287
87371
87708
29064
89249
3346
79296
99057
67860
69958
66997
19139
34150
19786
17136
858
80743
99416
92109
15247
24179
69026
80393
25466
60094
28509
63556
30657
62517
83642
66748
83155
87364
54455
12218
76613
57801
7865
92021
42012
94174
59017
61151
28324
78802
94638
45533
59545
94053
53993
74791
34583
39371
71535
60048
15816
16395
39955
46472
78911
39949
13219
62066
27312
67674
90635
20276
41826
98500
12296
189
92673
71313
77691
37348
50114
72328
99233
26010
82732
53225
17152
17315
92595
88687
77362
8410
5081
33669
71234
83992
73617
84452
62409
928
68477
53043
21204
26654
67894
33499
26843
76919
21163
4533
14266
87629
76861
29850
13638
59592
83075
30790
76906
92021
35828
70620
16783
40908
4288
88016
41251
94256
88819
20011
95183
73648
89406
32738
301
57299
82589
43495
50569
3751
48028
81187
7731
41240
11036
37721
17183
94110
68510
10441
2483
20689
97412
35617
77948
1699
39984
35551
95954
28802
55561
7488
18801
44966
56578
19102
18617
39166
78948
69185
59268
43327
50371
66999
84566
61407
4719
18101
71868
89580
28541
90702
26620
42304
26318
4567
44002
66301
40117
56307
11455
95678
80146
30255
56995
36723
65708
75611
75888
44656
44796
51508
87982
11518
18506
88900
72924
39576
7000
61144
45507
51892
51845
72126
94195
94515
76692
54548
77167
33161
27206
88621
28838
7351
35228
2184
44074
935
77795
36313
45590
38942
87820
49924
66811
22677
38823
39735
62252
62174
17230
24110
30417
85426
12587
24611
79940
89279
95510
57107
38791
22715
62079
83980
30065
97306
86163
90490
98241
80309
26803
60182
19250
14622
10105
86061
37299
65279
42147
15902
27452
75728
56364
57868
61153
68950
98830
57445
74580
10691
14551
13370
33405
92981
97349
79822
90287
83512
70311
4879
63820
97113
65060
99422
28087
91517
1834
81737
56795
43980
97638
599
36059
54001
74818
97211
22951
73648
54655
13882
84338
85557
27252
34095
94890
24600
13916
85176
8111
578
90054
88283
14043
71465
87704
42129
62981
89537
23865
36128
49868
37854
36726
85926
8207
27895
99488
31157
17894
70495
45038
18584
72403
88641
52678
67292
13241
82945
52467
37703
83522
58872
25985
97564
30337
13688
56044
9669
19576
79908
45796
69443
34114
98873
71720
42320
43120
71208
89828
61013
41702
51217
79596
30456
39858
48625
97748
53098
31569
66566
90800
31443
25438
33137
45358
72126
63176
1402
81794
82752
97661
43942
68546
31774
59166
56618
90445
2285
27825
80272
63298
85878
31489
59245
32685
71346
7870
30432
40795
39438
96998
47946
87232
22435
81082
32590
94560
44258
50343
92705
43361
64355
36646
28258
12481
95812
84875
2925
14448
29051
83197
77745
31280
14685
36990
63965
2382
61211
10748
43176
17000
7745
7473
4232
46531
88555
53173
57442
49164
3515
50147
8876
84221
3144
37133
96701
15307
38360
99626
29755
67410
99174
7499
15042
13858
60840
79006
32591
22050
89753
92118
39050
13850
99590
43281
60380
4496
12805
17822
53659
16319
84320
62534
16891
87463
16019
13592
2770
54378
29569
32524
38139
28742
56374
53180
58951
17214
48537
91541
55615
54642
83658
94664
68491
99599
54296
45222
4095
67100
79395
57753
99770
63714
36639
16661
67529
69009
46604
86650
39738
76172
35525
77876
21265
91898
47408
80215
25463
95944
71755
97430
50585
71764
92093
19075
71362
62741
80649
75456
46192
60043
49561
62314
23757
2551
95326
7637
87911
41929
94286
27648
34452
29810
5523
55716
38059
52930
35930
79874
65226
24036
77303
15810
12151
85747
51237
83512
64839
31885
75320
11031
8279
41232
73344
32035
60134
85021
39671
48044
26949
50308
75691
77752
96469
97565
33467
34528
66847
85748
30753
32072
9783
8055
64233
21933
10153
31821
21796
74992
80057
13467
2374
88336
54698
75717
36722
14831
77089
92745
79226
4037
43052
71268
98140
55873
68833
31606
6752
52031
33705
37504
454
43487
61910
81038
81771
72062
12859
3566
47053
9267
33385
49426
13954
88082
41494
50676
19265
34934
59772
14842
55322
2823
86110
53461
75047
54942
1418
81798
23324
35122
19301
23777
78608
81210
4814
76730
69624
34024
96648
16676
43291
30032
82454
57244
34465
40299
24271
70081
75233
84042
84923
30554
3217
71032
367
78263
42325
1784
60061
65648
36906
79361
5776
15513
76923
10589
8595
46546
44613
5242
79573
87903
51625
78378
61498
86089
