38082
24585
45681
1804
24233
26126
1296
782
46258
37199
8110
36253
7291
20169
23514
36891
31548
18601
6550
12443
2434
16610
923
26156
15136
45940
25880
14463
11973
34400
20130
55
25336
15810
1858
15920
8288
3154
16701
20897
40352
24811
7149
13994
11331
47014
884
42878
31967
7433
5320
752
24043
22594
26907
5530
34885
2787
19992
46858
3538
40122
13264
45226
22283
15121
11145
46922
34626
44198
17818
24978
35360
41318
5323
46690
38332
6207
5919
36650
29991
27591
3753
20385
16536
30659
25915
1421
49797
12258
14630
19687
2379
27893
14912
41014
9365
26056
37935
43991
36605
22105
35320
21964
13422
40642
18653
18105
13200
40924
21106
43191
18514
24858
29927
35049
5517
22193
2821
21665
34451
17450
41351
3181
45342
6262
10546
21059
48670
48481
15049
35274
36937
368
23590
358
41009
8594
34815
4209
49517
5920
13751
34382
30778
43677
19431
2646
32222
22251
24310
16672
6053
32013
36204
17746
38274
46750
38804
36943
11582
3852
38569
14870
4219
28510
31579
45228
37103
16393
15788
2972
38665
29538
37353
19442
23214
6783
38439
5435
45386
29100
38458
1438
11112
41014
19183
49386
4115
7987
2680
32048
28190
7600
46917
32409
36109
28495
43988
39564
11240
9775
42535
49904
39312
46239
35697
28877
19374
24135
664
14759
3234
5473
32548
30698
46486
18082
46435
16952
42420
15466
48999
20610
23066
12267
3018
25526
40762
13357
31441
2001
23131
40327
1904
12442
36566
3952
41318
5939
28086
8333
37049
47671
13806
35948
44720
26643
4029
41154
43595
46449
6620
42593
33410
46037
4860
2779
37914
11973
16135
19355
30325
39265
26033
48580
18058
12598
2531
25727
34888
46968
34060
21936
44638
47865
7883
39358
24507
28264
46863
18101
41064
3482
27046
24473
15870
48257
27251
3784
10229
9737
39490
6905
49001
31874
5484
17058
44472
8014
9136
45711
4981
43195
17647
15970
41059
41881
21679
31918
36496
18542
18
27559
38375
43415
18383
20597
41671
45633
40732
18251
21721
46573
41507
37073
28446
46990
20482
39269
21355
29618
34980
42687
22812
18978
8657
13871
27210
46687
12140
13706
31580
28509
41264
36307
21924
9647
6903
29946
21631
47634
14549
43352
10558
6055
30424
39003
3045
906
28272
40751
30523
13251
33438
19686
48580
8446
49908
25789
5132
12047
39494
3064
40556
30758
39370
12479
40404
12624
8776
28386
26609
23324
21737
37166
29379
18513
42520
48775
35770
20791
39525
32644
393
22962
2329
48972
31407
2237
41113
2891
14283
30606
22306
4838
27715
28027
33668
34470
40650
42444
12856
33610
15767
944
37127
11497
35808
29646
10271
21577
437
16148
4220
17181
39109
6549
32505
36868
25137
23617
6110
39419
20574
28415
10609
48289
6441
44276
32758
13442
3071
11965
47051
35190
12909
34177
46686
48716
13822
23309
36645
30610
39456
40864
47791
28564
13764
30295
31783
38900
20263
37892
44671
40836
16306
5279
39124
22746
49554
38234
2539
18977
198
49589
4166
29458
117
851
28174
30291
40511
14818
10900
29966
22033
25042
24882
35797
21688
6664
41048
41950
44556
35718
49138
27213
40996
38261
16311
6902
42846
18849
42230
43044
18438
46395
22501
34906
13597
17026
15196
4108
48195
26096
34073
20228
1137
8954
22376
39177
31970
13423
31126
26525
15493
30263
20089
22840
34876
36399
46093
27721
5248
38322
37116
40037
34716
9617
24942
48313
26642
40138
18772
24837
16233
2844
11416
33721
28150
33791
39249
10119
13565
36727
2995
29057
16989
23083
1897
18216
9482
47989
12289
14729
2663
49404
4765
37378
9020
46058
2042
2014
36195
20813
43202
18779
40009
4617
18852
18158
4759
8100
44628
18323
44826
47622
13732
28167
37056
31980
46382
46537
46320
25022
27617
48982
24426
48733
2712
49797
44791
4753
1810
30985
41918
11363
16116
31926
32331
34967
16435
37089
43066
27414
21764
4244
25035
35495
32410
28442
17474
45143
24979
30145
20165
18947
29127
10942
17680
31838
10738
28822
2942
12548
9806
44859
40262
25921
43136
22593
27239
25922
9681
36657
3335
47796
40900
28369
33290
39661
23163
17115
1155
48141
47260
37671
33439
42738
48612
1118
24575
9350
46291
43868
38249
22449
38727
28510
14721
48214
17454
41960
24136
43487
28616
27470
41282
35867
22191
40924
25527
45353
24390
43033
9845
21649
30704
43283
14386
29315
10753
5312
5016
7043
49180
9616
29491
4258
38126
44212
2471
21931
2523
42958
15417
31138
20428
6699
33356
8970
13974
8882
20674
38363
18266
30518
26364
48969
40152
7101
44636
904
12413
49651
24299
27944
25619
20141
48553
13744
14352
1023
2026
16874
10333
17443
14363
47112
40493
47718
6081
4466
22951
26754
42828
41217
23623
19191
6537
13774
42644
1172
31030
5056
17175
21680
49351
9145
41820
47903
22888
22524
15277
41265
5749
25609
8707
20112
22720
15551
34181
45152
36368
23484
38257
45548
31052
11879
31090
37588
42005
23733
5112
23034
28788
38638
11065
44490
47782
2884
42392
37021
25407
7669
28285
31156
33277
3344
17619
22349
18894
1799
17500
5262
41634
5757
809
22685
33987
31898
10273
42343
5631
15384
31728
770
20373
42792
45260
18154
45676
4003
21526
21082
11671
49810
18589
11300
19505
36207
50000
4751
4358
33851
10012
45991
5959
27172
18676
39946
25421
28948
32288
47403
10683
14016
14525
47407
6807
26136
31912
18834
30138
3437
39916
8161
3246
24856
19460
39103
11063
35811
43853
31772
19661
20216
27762
25620
47387
46437
31917
39159
41736
14204
2914
18770
44571
33790
16176
17730
9925
48087
36563
40062
17875
42830
14574
21121
17686
385
10223
45100
36195
20427
26871
5856
40642
4632
31475
38028
17421
29743
43538
25508
43946
12803
44278
4869
46592
26805
22598
6516
41244
25512
12930
9118
18342
27503
46590
2379
27888
23164
47478
14082
43590
24348
36289
34231
45331
34115
38610
12751
13857
48500
38259
24155
11302
48888
29023
7894
42044
17972
30761
49639
9835
43690
25109
28176
37545
21698
46906
15432
11214
44383
45865
21155
35082
32154
21738
30413
16268
26699
9515
30125
25198
14125
20631
36500
29364
16005
10745
37760
33976
41505
37398
10162
1547
12506
38338
39091
556
1595
20874
28121
12330
16738
49275
47411
48891
21012
44175
31511
47711
20042
27987
39260
518
48617
42111
29882
14621
19207
33993
14948
10712
21390
25109
28610
248
29798
34052
17155
31393
4925
45275
43722
21662
10901
7484
36905
48265
18011
18415
12327
4404
12753
1586
4921
11369
43697
1154
42341
12903
35146
7288
39966
22888
32396
34927
23135
28546
18978
40289
9938
23902
1915
20011
11916
12815
43846
48820
11079
28208
33586
23405
32611
46338
24991
37532
24058
35039
38685
16398
14293
40183
23685
20611
13070
22432
5537
36204
977
40867
42844
27266
31120
44758
13628
9387
7572
23826
8206
18651
2033
8143
8407
34644
20832
49749
22175
44889
1139
27211
11286
15432
17393
1322
2394
30462
40106
24282
33017
41082
15148
25860
34700
12620
20617
14679
22006
44541
38504
46564
29543
40537
21058
37949
41532
41890
37698
13706
36778
38836
7268
14416
20619
24661
32089
23012
21474
22194
13646
4491
29628
28793
46702
14327
7764
33671
45357
29770
28211
33861
42685
7753
40749
13742
12053
32280
5631
49750
12337
8761
4938
35956
39528
41908
26968
21616
31272
48442
10162
44917
19284
39789
40061
15985
20467
47825
49655
15823
43946
44217
16035
36630
1969
6783
371
30374
5414
22354
46475
34102
31114
1412
20058
20641
9672
47025
8608
40943
11818
18769
35859
31101
8557
25919
13438
45375
40095
29444
11198
34040
40013
27232
20669
8333
367
37392
38706
5780
9745
35181
6234
40858
36592
26291
27850
46263
23315
2809
3557
1485
21578
39415
48937
46486
15334
12374
41861
21780
8170
19410
5820
48182
46641
42840
6514
13359
30231
11572
35491
39975
46752
41724
30832
49695
18014
25033
12310
7680
27842
15866
25516
15771
5281
24453
28608
36966
3178
20468
8745
11347
6229
14564
25880
19222
7404
48746
32580
37634
10317
18070
43961
7068
26145
24792
6762
10510
16177
19071
18190
10370
34937
10057
26140
6569
34509
4747
43534
37687
41567
18630
49033
14147
49546
41265
33368
23301
40010
15948
10934
326
369
21246
23745
26514
12390
30506
37023
28566
15929
21564
38935
17217
31621
31426
23785
32481
36172
33670
20167
44090
2299
35552
8237
1844
26816
41604
25144
33177
23903
2430
33502
40624
40027
23598
17137
2416
20455
20511
30981
36383
8427
36267
19951
6399
17692
10087
38879
3864
43756
25398
14305
12407
10949
38893
30602
37764
46849
22098
37292
20751
40879
37145
11374
30905
10742
44862
33321
31196
31725
14301
33931
6503
568
3881
12901
18259
13968
18131
38474
24075
43528
19131
36481
4476
8023
17083
8591
21223
5532
45882
41974
46410
33026
19699
27314
10119
30913
10634
41315
12637
41287
41597
35491
8206
45477
48391
26464
25796
16521
31290
49871
26401
16772
2703
30876
41146
36137
5819
12369
41668
18052
20694
38077
17430
40392
31743
27548
37656
42376
18862
16644
33662
10458
2134
41867
22287
524
34683
14434
33397
32324
30656
26149
15447
33359
23376
6592
35847
29194
35312
43867
47246
6005
31943
14675
46397
13685
8574
404
22413
27436
17048
22426
4245
19181
30645
42883
36057
31679
7317
35805
30354
4324
11953
45800
4034
35328
18743
39881
14522
4055
33747
28119
10059
32041
9145
22807
12078
17718
23211
34490
11505
40258
23267
32102
9438
3911
41336
11846
35589
15004
47650
32294
19328
9602
28093
23361
44930
46836
29593
25803
890
29691
20273
27300
28084
45769
107
40161
29838
23317
41002
41343
29926
14268
39796
5715
34531
31131
17561
36471
46135
31562
18765
31814
41164
13209
21526
36093
10044
1119
28247
27285
30809
48519
4585
25244
10639
21043
15404
40476
10711
22757
48170
6988
37025
37965
12702
37907
35448
46614
40729
31582
28176
9493
29747
19339
22702
1272
21783
49097
2390
16381
42734
49551
31251
13670
24794
41889
34712
6550
32364
11774
29306
30534
18761
32682
18498
47814
36940
3945
44428
27669
1878
38955
37161
47976
8293
26214
49248
46427
41663
17989
29159
34396
17539
10409
48065
8685
2297
49128
31586
34660
10901
10891
15193
46013
9925
43
43826
46864
20339
4605
24532
38569
43559
28045
36544
18203
4258
35791
14629
45920
3780
43787
46667
37670
20547
44731
12706
22843
10210
44291
7503
37462
21534
39047
33474
31458
5441
43652
28321
25780
48256
19205
30700
41815
47249
17243
10017
17858
19386
40998
13778
23165
1136
26796
27186
21683
37879
39892
44525
48088
534
18379
35550
22067
23778
35375
19876
29218
29026
14549
21349
27282
33753
2048
19096
47353
35643
45464
15210
5028
36461
45339
44544
37597
22135
21729
9279
10013
27972
3803
24452
28506
38534
10001
16924
12311
11728
3152
41528
40753
17700
12877
34386
17804
31276
19833
15156
16918
15297
46717
21945
1757
8408
16488
5705
30542
4569
14983
6906
32540
35138
31357
27397
23671
7710
10673
35981
35789
30176
43860
42893
47875
23088
27279
32030
4364
47111
13537
37633
28759
10253
9578
46868
35012
42417
2572
15553
13337
33907
38810
45877
35396
20167
39625
25418
44228
16649
27750
30016
46824
21609
22908
11050
44697
16538
9431
15412
30001
22967
3044
8759
49572
28973
21978
34583
37742
40902
16488
1078
41160
5297
13306
26555
41815
19283
1972
2394
35931
29721
32409
49107
17681
21669
10156
28729
4558
19587
44140
34558
8905
13536
9669
8476
8860
31646
9411
12953
38899
25898
14031
30058
47546
43688
22964
39361
12970
41287
8106
15253
37359
6867
14359
5040
28535
40866
33768
33092
26804
44260
34002
2061
24147
43670
26888
49358
41667
36298
12311
46918
28547
42693
26975
26093
36380
16291
31805
15702
7577
6262
47306
44936
13128
28016
16327
41662
18881
16446
41106
12037
10705
41459
14097
1203
35128
7336
561
43146
43634
12871
40063
38532
21915
33390
30976
8294
16032
29132
40347
23608
35394
37652
34895
48521
15667
17573
6535
900
34019
13992
29288
11075
5450
9736
12278
40577
17071
29190
74
27056
8412
40137
15588
30326
39878
12915
4971
5909
42047
45318
45868
27440
49321
30763
42312
14988
14687
48846
32239
48705
12837
11526
9780
18286
21261
38409
25214
38331
17598
25288
15387
42361
31776
47326
22686
38005
10240
44008
43913
18638
5677
6132
46077
4998
3246
4741
36337
17933
3586
18575
16637
32775
30100
42768
17412
1360
31176
42626
6042
15125
34265
37780
7485
32392
1457
46522
20396
11697
6882
30660
46686
12558
36791
9115
17555
6389
13855
3891
24321
33792
22465
40957
16566
18916
33725
33978
36627
31252
42955
42669
12729
43571
30448
36565
25962
48257
49439
12709
9953
6320
9720
22990
18877
12862
32104
2784
19250
45958
23026
43570
29750
11843
879
12667
47110
34603
46644
33737
32206
5950
26405
44934
49520
23204
31499
41833
21460
47289
4541
47764
3608
30612
20754
38836
43474
2857
7971
12723
15167
47349
22645
11268
9191
23523
23934
6300
24477
36930
6388
6682
42879
32792
17968
8751
22348
15818
583
43807
13106
21476
7923
16713
2087
28676
21900
11912
47884
29871
40987
29402
27219
13631
40669
2761
37153
30955
25412
27981
17884
31800
34662
27114
30943
18981
2216
3290
34798
19151
13449
47903
40626
21371
30967
9064
16398
19219
37328
30633
49089
28314
10035
42659
41944
703
11771
45448
31657
3534
23428
15892
35333
24441
43006
32628
43422
11573
35917
44571
30723
15717
8826
21348
37087
39792
46764
3484
25362
34091
34117
24450
28756
10503
33460
37051
11205
11582
48850
9214
15116
22277
41457
16800
13069
814
49427
22842
12387
1696
17413
43109
17412
42590
30809
4499
48733
27572
24334
24095
28014
24802
14896
6769
35304
48356
10171
12861
9937
9020
22074
41404
47648
13530
8204
10716
30696
7630
49910
43082
9325
33674
36190
43089
26263
16998
13939
24995
10921
38272
49089
5286
13074
13985
28406
14729
28692
38576
27589
4980
47595
16014
46384
45242
45896
4587
5958
26591
28568
22219
19672
4245
5892
22213
13685
32154
5563
27623
7148
16483
15894
22589
38121
45319
2925
16526
10048
31616
5102
3988
36595
2696
20002
49330
14290
15897
20268
36599
42487
15188
8817
28510
35784
14708
722
49468
13213
6284
27090
36712
39119
9335
9300
27239
4654
12224
10116
31053
43839
15217
1392
46786
34265
21393
12467
48554
3641
49087
35152
46127
14274
43968
40988
57
25027
41710
49524
38239
14345
42965
24950
3463
2299
34250
47053
6952
12825
7169
4356
23016
22385
5748
36153
23001
43492
48619
21554
47133
47705
23057
9611
28330
17024
599
28386
8402
8660
44261
46640
23004
37225
37942
26467
39524
22191
39871
12827
1367
47039
33535
24382
35776
5634
10534
8776
49125
25505
46682
46257
23209
19738
5868
17891
3114
22818
46276
11515
31477
6889
8155
4480
10465
46096
47298
16340
34638
37169
29167
2356
559
29053
26738
36334
34686
3623
11462
33810
29127
8143
46419
18688
44232
18638
36578
47345
41455
49205
8860
22931
6093
33366
43762
32910
45813
7412
49249
46802
10932
28415
49157
11490
23819
42246
14176
8504
45869
25637
8666
41347
131
5084
10034
10714
23721
46611
8059
31527
45816
33270
20809
18260
32987
14570
1169
45151
21981
418
8304
49264
45184
23812
10754
19003
16058
41281
43858
28278
33269
2523
19624
33399
7606
29658
10464
47678
42620
18522
29204
38435
18143
12
23047
17481
30934
40567
12631
19266
7336
37286
18530
2520
11098
45635
37874
27155
36915
48083
5432
20183
606
41407
19933
24563
21064
30396
38593
13684
15270
17796
18470
49764
34160
41516
17245
31445
48435
46227
710
5770
33513
35591
24641
44610
31225
28866
38116
34491
26949
43547
4673
27554
1305
40957
18468
22369
21353
7060
2404
36622
24856
20873
2737
25367
28741
19981
23163
27175
16208
40224
49296
16072
25815
23937
10681
23391
2802
48796
7882
29750
8694
28906
23655
9998
19863
42123
48718
7567
49182
1121
10540
40389
38346
13276
15755
17086
49609
5269
10612
15816
45493
9907
31887
21307
195
8919
11049
2997
24066
35282
49098
32759
14188
22753
9108
402
14875
7826
24320
14056
25298
1211
20797
13643
14486
2903
47080
14094
8172
7691
46261
3664
33950
44499
41322
34144
3417
2370
3492
27482
37652
2590
26592
18191
41694
35700
34944
22920
9877
9263
3327
1526
10473
24123
15169
41310
27026
12248
21756
35197
36291
18016
38860
20240
12515
30181
20735
32283
48902
24227
26117
36553
43168
2708
21095
34861
4759
6038
24132
30987
31652
27458
32513
8476
1581
47681
16138
28606
26280
37893
30154
12570
5908
35365
49161
34774
31897
19896
33409
30798
44122
9525
33703
3641
12232
4797
4853
33343
27187
28984
14329
25190
6441
46841
33666
24373
10873
49803
2978
37153
4047
49483
16074
26306
34847
15235
11080
16743
35130
10840
47541
45603
20364
47595
49243
48947
2391
20447
32289
45929
49430
46618
21119
22222
9810
21136
46595
20683
20938
15924
24187
41336
15407
40260
17641
253
5494
45072
33348
40623
5911
47240
2577
42626
44834
1819
41573
13576
38617
23861
9505
4398
36830
30623
26620
12992
1758
39566
26
39047
21841
24212
30382
37247
30823
14374
3852
36317
25798
37199
43291
31708
34438
45868
24334
29271
14038
32258
9198
2655
6118
18702
23404
9300
49324
16375
22291
17433
5940
22316
6479
27781
12879
3212
31379
43701
17586
1582
30017
9735
38780
39660
41442
39569
1879
32127
35191
15916
14384
44389
34922
36854
13090
8326
46153
28766
24700
34795
46198
46992
7110
19029
41124
19988
22240
22502
30040
6177
24084
10057
15911
29215
16068
23705
35136
17946
22183
20326
213
36567
14714
35135
39772
44156
9812
35924
39273
863
20718
35470
14206
44179
20850
5329
30518
9442
44183
10557
15618
34618
36965
47881
30184
19384
37937
15319
37329
10119
35645
37542
13037
16710
39028
2808
10865
15191
5083
137
32405
42152
1959
46611
2682
22808
1939
49551
32249
12473
10108
14219
47090
13424
28451
27274
32808
32739
42592
36488
42857
44588
24029
22246
11298
29408
41405
38514
10950
12840
5003
43355
21343
23313
39965
24025
46120
8255
23575
44721
20728
34
25291
34169
29810
3741
27794
28969
36479
36738
15456
45687
47677
5837
34284
8974
35244
25689
13840
46194
4880
18842
39548
26222
42154
45864
16598
4625
4118
6525
15697
41197
22910
40987
41718
2719
11079
35863
31687
47557
22600
47143
9596
20277
2979
43879
45602
4574
35919
9441
17119
40798
44634
23018
17020
3139
18881
33617
7764
39351
6493
39812
46899
29403
30799
38616
32121
41877
24479
30160
5786
13430
27302
31733
58
46632
25611
45660
1205
11530
21452
34676
18679
32438
7693
2050
35576
42926
2019
9691
32276
8511
49503
45526
37913
46653
34142
36386
38529
24972
16545
10666
4753
43846
42398
4811
6829
34361
16822
8033
12242
4625
9060
30920
37062
16753
32970
22638
9678
34988
32328
8305
43498
48182
3830
47763
44834
4323
34148
49715
45646
692
10380
399
10889
19130
21561
17717
3490
4734
42101
15731
9358
1161
13002
46420
34265
45971
35409
43942
47310
17736
18598
7160
32270
22427
21274
27103
43102
5421
26817
38747
22464
3549
5497
33352
22678
43409
1068
42519
48142
9520
24601
7500
10680
37602
20271
44944
49925
5679
5237
47234
39766
40186
20745
22035
28965
42018
15490
22066
47438
42306
27164
19901
12206
32661
19604
1235
26069
37023
43753
40563
46543
18353
48062
23574
5955
18332
34870
5879
40362
40106
19464
30127
46644
40209
18514
25608
32226
34003
47673
46016
42660
24836
15916
4866
23848
1872
6100
16269
38894
49853
6831
1788
34557
21244
25362
40511
5927
10231
12741
46288
16688
32205
42766
13331
38765
11279
38938
20990
45281
2962
17005
37941
44150
49273
9158
17997
17496
15257
617
6389
31461
23799
8177
32370
45042
49890
22880
968
10120
1973
13607
43159
529
6373
6490
39293
17651
11779
26634
12932
31093
9991
17224
25242
25615
26381
9590
43110
7989
10207
49498
39450
34005
24026
21819
45399
23915
11050
12718
386
29374
26325
43545
29902
32697
16386
35546
16699
28164
28532
45982
25608
38522
13205
849
14136
39585
10439
7245
47574
36997
23094
3375
37353
13472
41545
32751
37386
18946
45469
37772
48320
38145
31316
44573
20841
14053
46471
3891
8568
25002
49873
34176
13523
13077
35024
44010
19014
11814
17606
32939
48810
40699
2665
2515
4170
44209
1617
7908
13154
13437
45679
27825
1581
43346
22398
38773
7398
18868
42664
32317
10221
42536
16492
23743
21964
1516
34104
40977
13329
1709
40267
28491
8759
42931
31005
29281
3491
32621
37188
16645
46058
49218
10821
13990
8915
49570
2763
32664
34789
11778
14980
45009
4313
31472
35103
26276
49339
19206
33605
12667
20914
23871
7509
46025
33154
4865
25305
36644
37486
12492
19640
49895
11709
30461
13884
36975
30030
32998
19638
14819
44775
34617
26179
15439
32440
11282
41715
31778
30487
41671
10797
17753
31893
18305
13777
15046
23170
39081
1690
27007
17924
21329
43253
45984
18141
23488
32958
14523
22838
2595
29341
17612
3563
5519
33051
36003
16800
41117
17780
13639
49139
44928
47743
31031
13233
27871
12429
2754
16951
14118
46112
1226
1798
5716
47209
36291
45555
46518
813
18392
15464
46505
36004
19026
2023
35406
21380
35175
42874
5512
15165
42012
439
29259
39394
30023
7129
1822
49128
24079
32291
11591
41656
441
17306
38864
36731
12861
1733
37543
47604
17196
399
33607
36221
18773
35364
23953
20299
28237
29464
35463
36600
46254
14721
25994
26277
21849
27815
25404
12279
10106
36995
20286
10546
20652
9149
13628
49864
27233
17522
47468
44428
17920
47426
47001
36692
32790
20953
6991
27378
416
8805
13978
13021
39878
39971
39297
11726
17785
31053
40357
44242
18047
10642
21139
5050
36143
34766
4914
13375
2287
2381
24155
36558
49806
21155
23250
32595
42107
46592
26325
8874
5396
40302
21894
45273
46624
27543
23351
30760
8595
30059
25002
42993
40700
46140
48042
43194
47258
2955
22921
15896
21687
47075
2454
21493
18229
42055
20439
26687
38646
46763
35560
10393
3416
23805
22018
39
1347
45368
30799
26293
25426
22152
19285
32477
34643
33679
25671
31900
36633
48591
14148
24672
12017
16601
46164
30245
25007
32954
6931
13652
46069
8842
40396
49484
32646
12413
49523
345
24132
46673
26637
15909
18824
12274
48386
3466
45952
40408
1718
48936
5350
15865
23607
17366
48817
36122
47610
23823
19076
20892
3826
15144
29733
10573
30979
28730
22986
30501
45426
47117
43525
38415
13026
28700
688
27763
48518
46639
18170
16587
11926
39871
32451
35533
7236
47619
21654
21197
37793
40729
42088
41618
22224
38172
2190
3203
33253
41527
55
28679
4996
9932
17093
18021
38631
34132
45783
37148
30770
30304
3734
42695
20174
2536
44579
43761
16506
32585
14957
4298
39665
23396
12267
11889
27919
30809
31443
11171
22335
31497
6201
27330
41428
23293
11702
46411
7424
23836
33558
4545
20491
3644
13592
40664
22531
24522
776
39037
7106
32084
43334
46771
5479
5601
8659
49749
2761
40101
10920
25095
37949
17120
18777
45729
6765
46830
42139
30540
20666
42048
1437
41156
45691
15028
48172
18222
39549
15299
23610
46655
47383
16943
43425
2861
38895
18435
2610
41655
24887
29881
33102
12835
13352
18230
8563
36468
15059
17053
17008
2076
9101
18444
9584
21143
49823
24107
39364
5723
39405
29325
2377
36787
46268
12153
6000
1514
30587
24961
43169
21825
21193
42622
1012
34544
27203
25926
37364
42261
42979
20723
10689
2079
5518
36624
23221
5340
10730
28937
11062
16486
8261
29791
3273
20880
41943
25624
22394
38882
584
31914
10706
21776
40887
28069
22671
18089
3995
10034
26701
46973
30756
37389
15403
36273
24012
4975
7964
1093
33911
19026
17579
8524
48816
37203
45755
7110
12826
34500
12343
29761
16413
39401
1536
7299
17469
24206
41739
21463
592
18440
18435
47699
5828
33837
324
46192
38812
8287
13636
39074
43664
31214
13949
42479
34768
26056
15941
47593
10555
28283
43705
43320
17683
45240
618
1504
35798
42357
22966
2741
10796
41401
439
32975
41589
762
45518
46752
9049
9154
35826
19064
6719
16126
27895
41487
42181
43835
5431
2736
38469
49136
46055
22504
10727
13024
24007
46524
21732
46972
49264
48879
4724
16055
48206
12665
16816
43723
9416
42216
2876
11593
11280
9595
27719
39174
17433
36251
49360
39215
38986
37828
38350
1392
26683
49077
30768
689
11952
18851
14013
27568
34082
18736
43622
32287
31400
26789
26009
7168
35357
45237
18760
12988
21183
46478
18513
4967
49081
17872
44181
4418
22051
48883
5810
48734
47959
2929
15774
26262
21779
29786
3829
5860
14874
13802
4498
12625
40591
46859
19792
42299
42095
38552
5286
29629
1381
23798
34595
16813
8021
45127
21231
30071
44009
43392
45156
8319
46320
27282
34581
34450
7067
4761
6662
38292
18563
11159
917
25505
24369
37060
17803
32815
41963
23088
12443
43344
13237
13389
10156
21257
24868
47738
17679
18876
41129
29187
27195
37448
6468
28127
38250
13534
32887
11263
1826
17801
38773
19094
43305
13142
6153
27459
45956
48116
16898
24751
7811
30134
38139
34318
1390
13006
32056
35421
48234
23184
14607
25428
26984
21074
19906
31585
959
19144
42847
2784
36945
31619
38229
46601
44760
44382
40412
7068
8849
7309
31818
16659
37443
36308
17328
5184
15666
49383
40604
13899
38919
21562
5678
32254
42635
25583
13838
43594
11078
23036
12729
48022
21006
958
10975
32118
11691
1386
39185
20539
8694
37354
3549
12488
23661
20876
34024
39326
36611
40979
19576
25529
12541
25253
24134
21527
17187
4323
15120
28265
27358
44201
42638
14715
11510
3612
46832
23200
21349
2368
10090
30043
39721
13638
8882
13382
865
42905
19059
37475
236
38635
29355
12776
30239
19840
34302
47426
24162
15774
42042
17871
26326
34679
32586
37835
38291
45769
27386
9639
48137
3827
6033
4209
33816
31267
33942
34680
40523
3001
38507
40758
7987
34213
3533
38225
4053
4187
2002
28214
36312
44043
12437
12637
45074
45022
16823
49716
7142
10560
9354
5278
14386
31739
25839
14553
29357
9780
15584
19879
29132
4090
10637
37118
38303
30521
41695
8707
34707
10048
3272
37370
20443
15708
6
15516
27081
33180
15231
34223
43739
40936
5852
24476
39026
31690
39028
18382
41470
4612
4613
20601
25053
15249
24071
29707
45769
32117
38413
46828
42164
41685
549
28958
23744
16907
44473
825
86
26055
35047
10177
16991
7250
1004
6016
38940
6384
40750
46761
10995
45362
33713
2399
26962
7783
32106
39082
6251
36870
35909
14767
44906
2810
43724
18650
19716
4549
19474
19801
30603
20872
46329
47593
28121
47333
19961
33412
3716
10710
30172
31062
22423
13885
49812
49384
38019
31917
38465
44270
35139
40726
25388
46396
43535
19111
15045
13250
23659
870
49402
4262
38093
45731
18206
16214
9415
38166
49625
13130
15227
46149
10543
37649
10033
10354
3384
14403
8623
8201
8672
10113
48926
34059
6508
8812
19522
37905
38413
43180
38774
37814
13793
43219
49896
31999
9432
9310
20164
25408
38791
1743
37908
49333
5743
47940
26039
9127
12343
34661
17327
37366
11125
32604
37777
17632
7767
7298
5536
46179
16829
10662
33992
30622
3880
240
28972
29663
9549
15487
21422
14692
17229
9330
30376
22972
23621
6414
48450
35963
7426
32128
39681
18550
31083
43809
2534
38849
17458
8069
35027
34286
35082
35370
31259
38961
35609
26582
34975
11510
42069
6397
26201
9297
15726
22928
48620
5698
45694
13421
8013
3119
45548
47693
38021
26630
7853
6906
15478
25310
14974
504
25947
16408
2226
23558
5368
37834
139
6695
49343
42207
13091
41895
17856
45168
14823
16475
865
26868
29896
8877
29986
41795
22921
34358
18425
30773
41263
254
22434
22589
758
48381
5348
19335
21938
27067
7168
22076
33761
22863
14283
13203
31109
32138
8370
12283
14964
25587
39150
11211
815
35488
3006
40088
19845
21430
20860
27460
21683
9646
16400
38792
8026
21747
8126
29963
48813
31646
18390
32574
4508
49024
45776
35616
47513
20498
14251
12477
12436
3400
23687
13250
38887
26692
19689
25084
14473
6901
18895
2508
16546
35294
41299
24571
23392
15777
20885
38556
47422
5626
21129
1929
4650
33257
3896
2162
20106
18146
30990
32541
37898
21029
12142
43136
14072
48183
34571
44897
5083
3465
47404
21628
5110
38702
12550
28501
4478
49786
33409
1899
5411
4537
20179
10060
4145
40427
28574
40602
24924
25915
39494
12821
13295
17988
22309
27367
16170
6879
22263
21252
10344
19666
9231
31805
24719
21780
26658
45549
21565
10066
13799
43327
30954
33978
19739
35099
40756
14664
42052
15679
40578
31546
44852
3873
49533
17160
47591
15702
24038
36205
3305
733
22222
12535
32538
46940
666
25547
8840
38582
35612
22639
31908
16565
22968
1646
18015
13723
32661
10067
29401
23239
41612
24252
43463
41144
7763
7405
23197
31801
9961
26501
48885
32182
5387
47774
45473
6052
23320
4313
44633
8931
43303
42892
41848
16270
10890
9862
29992
43550
19928
25744
33140
27891
49996
42954
19034
24110
16710
8582
22262
26670
35082
21147
8851
40468
18920
20676
12871
8592
24988
23855
33874
34642
16747
25721
911
43988
1935
47254
37537
38214
22997
37029
16105
39344
29982
1490
13454
13044
10072
35715
39713
11505
23213
48564
18325
8485
35591
31195
17076
26930
5050
17301
11571
38148
43022
12481
32135
44956
26086
36023
33169
49082
23051
15625
4778
19385
17115
34583
32428
27186
36649
22140
5042
9862
37055
23366
18346
22645
4561
1773
49574
25962
19073
27496
14109
28446
6328
12595
39753
32413
48617
39274
47847
21668
4898
18976
7404
38364
3558
6183
31901
40206
28322
36943
16419
31729
10308
1116
20725
31220
2888
36651
7181
38313
14146
37641
33110
20474
235
39215
19238
48852
28488
17084
36871
49737
36059
10626
38101
5968
16808
20001
46174
11481
6943
12592
43209
33603
13708
30286
31174
32947
16936
4707
37611
47433
42347
20721
17906
8934
9935
3496
24137
4774
20579
11007
4510
22990
37984
8962
28957
4791
28963
41482
16271
2257
20426
25832
2211
34133
22469
33385
33431
39404
38091
21042
3188
46789
8114
37446
5722
34400
40941
29858
39173
27871
7216
10034
860
45199
18996
46169
16341
14310
4002
48964
16566
24427
41147
35129
24911
13615
18513
8342
19370
22955
29383
22557
19743
3848
10002
41817
38247
942
38026
43771
28813
45242
3804
46024
6792
39151
8544
23133
3460
12546
38448
36378
36972
29594
37858
11883
43208
6370
36576
12577
45676
15958
35133
15418
19805
11487
23586
24403
12428
11612
18173
7592
23205
38328
3616
29996
27479
28511
19480
47290
41056
7927
19
44380
37520
37876
22614
47079
10597
9189
9655
6272
25146
11140
38042
11302
22626
11627
2056
1405
23238
36580
8997
46442
24907
12612
42790
18737
7474
12269
32379
48530
36548
32397
42909
40419
36625
15522
37498
47221
24710
13504
3493
16207
24643
7886
43860
13620
19512
12267
15025
9102
48846
24021
21895
23752
2984
14684
8841
10457
43305
41219
25338
46204
23615
34598
36622
10239
119
24119
23812
41180
37623
27304
23738
28617
1541
33949
8589
21052
46215
23613
46505
11412
13985
18400
35164
16968
49435
10356
43776
9091
1574
19114
5294
41540
3711
41916
1779
20182
32386
41942
27713
36360
35597
17803
31329
37137
18103
39917
24540
30670
13529
21045
42081
27513
5796
43596
10832
21582
3951
20959
30673
5524
