99986
99983
99980
99974
99974
99972
99970
99965
99960
99958
99950
99929
99918
99918
99895
99890
99878
99870
99817
99809
99808
99794
99786
99777
99770
99755
99751
99744
99728
99713
99698
99698
99685
99684
99669
99658
99636
99626
99622
99614
99613
99611
99599
99590
99570
99565
99557
99555
99554
99537
99524
99506
99488
99487
99473
99448
99445
99443
99443
99436
99434
99425
99422
99418
99416
99398
99390
99384
99384
99344
99338
99336
99323
99315
99288
99281
99271
99246
99241
99233
99225
99203
99200
99189
99177
99174
99172
99158
99138
99123
99123
99122
99118
99117
99108
99107
99093
99081
99068
99065
99059
99057
99048
99046
99038
99034
99019
99008
99005
98986
98963
98956
98938
98909
98883
98873
98868
98865
98853
98853
98840
98830
98830
98820
98799
98794
98787
98764
98760
98745
98729
98727
98725
98719
98705
98611
98609
98591
98568
98559
98552
98549
98537
98518
98508
98500
98498
98492
98466
98459
98445
98421
98413
98404
98396
98392
98384
98379
98350
98320
98298
98297
98288
98277
98273
98267
98255
98241
98223
98215
98177
98159
98140
98130
98120
98120
98119
98112
98111
98111
98106
98097
98088
98042
98022
98010
98006
97998
97986
97986
97983
97976
97968
97965
97958
97935
97933
97930
97916
97893
97863
97849
97797
97781
97778
97769
97754
97752
97748
97743
97742
97738
97724
97708
97691
97661
97638
97615
97607
97577
97573
97565
97564
97560
97553
97545
97544
97522
97517
97516
97499
97498
97485
97473
97466
97460
97449
97430
97429
97412
97403
97402
97390
97389
97384
97382
97381
97372
97362
97359
97349
97319
97319
97306
97296
97292
97248
97233
97225
97219
97219
97211
97180
97174
97166
97126
97120
97113
97095
97089
97088
97081
97049
97024
97014
96998
96995
96992
96971
96964
96962
96960
96925
96915
96909
96901
96887
96881
96878
96860
96858
96854
96822
96819
96790
96784
96766
96765
96747
96734
96708
96701
96697
96694
96669
96663
96648
96639
96638
96627
96625
96607
96598
96594
96582
96554
96537
96537
96524
96517
96517
96512
96507
96469
96467
96465
96460
96454
96422
96414
96383
96360
96326
96323
96312
96311
96310
96298
96297
96286
96283
96274
96264
96249
96227
96217
96212
96199
96180
96172
96164
96148
96134
96128
96126
96122
96094
96085
96083
96067
96058
96056
96021
96019
96003
95997
95994
95985
95970
95954
95952
95944
95938
95938
95937
95930
95914
95912
95903
95902
95898
95897
95896
95892
95886
95883
95876
95871
95856
95855
95852
95836
95812
95798
95763
95718
95699
95685
95678
95658
95651
95633
95627
95624
95621
95581
95558
95517
95510
95508
95494
95490
95468
95464
95461
95450
95434
95433
95425
95420
95417
95370
95366
95350
95344
95328
95326
95325
95308
95301
95272
95270
95254
95244
95221
95218
95201
95186
95183
95182
95158
95125
95118
95118
95112
95111
95104
95101
95100
95095
95095
95083
95058
95055
95026
95015
95003
94994
94973
94946
94939
94926
94921
94892
94890
94874
94871
94855
94855
94845
94841
94830
94827
94794
94787
94783
94760
94756
94752
94737
94736
94736
94723
94717
94664
94661
94656
94643
94638
94608
94607
94599
94598
94588
94583
94560
94529
94523
94515
94513
94506
94497
94492
94472
94472
94452
94441
94430
94429
94423
94422
94400
94391
94387
94387
94367
94353
94350
94343
94340
94333
94324
94324
94317
94314
94314
94288
94287
94286
94282
94280
94260
94257
94256
94254
94225
94217
94211
94195
94181
94178
94174
94167
94164
94163
94162
94146
94145
94143
94138
94138
94129
94128
94127
94114
94110
94098
94095
94085
94082
94081
94067
94056
94053
94025
94021
93984
93966
93961
93927
93909
93907
93875
93875
93873
93871
93851
93807
93798
93780
93779
93778
93763
93757
93747
93728
93717
93707
93707
93706
93695
93694
93672
93671
93656
93651
93646
93627
93626
93623
93622
93614
93614
93551
93544
93530
93515
93506
93491
93490
93479
93456
93456
93452
93447
93447
93429
93418
93413
93412
93407
93364
93362
93355
93344
93327
93326
93320
93306
93290
93265
93245
93223
93210
93210
93206
93193
93187
93176
93175
93172
93164
93149
93144
93133
93125
93104
93082
92997
92985
92981
92977
92971
92961
92940
92938
92933
92919
92909
92895
92888
92884
92880
92876
92867
92865
92857
92832
92821
92817
92793
92793
92786
92773
92768
92766
92764
92760
92751
92745
92744
92740
92740
92727
92727
92705
92688
92679
92673
92659
92656
92646
92643
92634
92629
92610
92595
92591
92580
92559
92555
92539
92534
92525
92520
92451
92430
92421
92374
92373
92372
92344
92332
92320
92314
92311
92309
92292
92270
92268
92265
92235
92232
92209
92207
92185
92177
92176
92172
92157
92157
92156
92137
92119
92118
92117
92109
92093
92085
92078
92074
92072
92068
92067
92054
92052
92021
92021
92016
92015
92007
92006
92000
91995
91988
91975
91971
91969
91965
91961
91954
91902
91898
91881
91872
91824
91813
91798
91779
91769
91766
91765
91753
91745
91725
91721
91698
91681
91673
91622
91621
91614
91610
91606
91598
91579
91578
91571
91567
91561
91541
91527
91520
91517
91505
91504
91497
91497
91490
91482
91480
91474
91468
91468
91440
91416
91409
91406
91400
91393
91385
91366
91351
91342
91315
91290
91286
91255
91255
91251
91246
91236
91233
91219
91218
91200
91194
91186
91167
91162
91154
91137
91130
91127
91120
91114
91099
91080
91074
91068
91067
91050
91022
91022
91009
90991
90989
90963
90937
90935
90927
90908
90875
90867
90859
90851
90839
90829
90821
90818
90804
90800
90799
90782
90777
90768
90754
90753
90748
90734
90702
90689
90685
90667
90663
90663
90653
90650
90647
90635
90619
90616
90610
90597
90585
90577
90551
90540
90538
90534
90522
90501
90490
90483
90470
90455
90454
90452
90445
90443
90441
90438
90436
90417
90399
90382
90346
90342
90305
90302
90300
90290
90287
90255
90249
90240
90236
90227
90205
90190
90186
90182
90177
90157
90153
90143
90122
90120
90118
90107
90100
90097
90089
90080
90074
90054
90042
90031
90003
90002
89997
89994
89973
89969
89964
89963
89961
89942
89942
89939
89938
89935
89922
89914
89911
89905
89905
89905
89903
89890
89884
89862
89851
89834
89828
89821
89794
89785
89771
89767
89766
89764
89753
89748
89708
89706
89701
89698
89657
89650
89649
89600
89595
89591
89584
89582
89580
89570
89560
89548
89537
89527
89523
89511
89483
89469
89466
89449
89406
89404
89389
89349
89346
89331
89327
89324
89308
89303
89279
89278
89258
89258
89257
89249
89235
89225
89220
89212
89210
89188
89180
89175
89174
89171
89167
89159
89115
89113
89113
89112
89094
89083
89082
89078
89078
89075
89068
89067
89065
89057
89006
88993
88986
88982
88969
88945
88940
88933
88929
88918
88907
88900
88880
88870
88862
88844
88840
88840
88830
88819
88816
88789
88763
88762
88757
88754
88718
88713
88699
88695
88687
88686
88678
88673
88671
88668
88641
88639
88636
88622
88621
88608
88594
88590
88586
88565
88565
88558
88555
88555
88547
88544
88523
88522
88508
88458
88444
88432
88405
88401
88390
88376
88353
88344
88339
88336
88324
88299
88287
88284
88283
88280
88278
88258
88256
88241
88229
88223
88215
88167
88160
88151
88149
88148
88144
88137
88136
88134
88133
88125
88105
88093
88085
88082
88081
88060
88047
88032
88016
88016
88009
88006
88002
87996
87984
87982
87960
87955
87953
87951
87946
87929
87911
87906
87903
87889
87887
87872
87871
87858
87858
87855
87853
87849
87831
87828
87820
87820
87816
87815
87808
87776
87774
87773
87762
87746
87744
87734
87727
87721
87719
87708
87708
87704
87688
87683
87674
87664
87652
87648
87648
87647
87647
87630
87629
87629
87625
87620
87617
87612
87608
87607
87599
87584
87570
87568
87559
87542
87540
87529
87523
87515
87512
87489
87486
87477
87465
87463
87463
87449
87447
87444
87442
87431
87429
87414
87406
87396
87395
87390
87388
87376
87371
87364
87355
87351
87339
87324
87310
87309
87297
87264
87264
87261
87233
87232
87226
87211
87210
87183
87167
87166
87165
87163
87157
87155
87141
87138
87106
87103
87102
87043
87032
87028
87014
87008
87001
86990
86970
86970
86965
86959
86954
86910
86910
86906
86869
86866
86865
86861
86851
86850
86842
86835
86823
86821
86820
86818
86805
86797
86794
86766
86761
86754
86740
86739
86736
86733
86717
86693
86678
86666
86654
86650
86639
86631
86619
86616
86613
86589
86588
86584
86562
86552
86538
86498
86470
86470
86457
86444
86440
86430
86426
86416
86416
86413
86411
86408
86388
86387
86368
86359
86352
86313
86291
86278
86250
86250
86243
86228
86221
86211
86205
86174
86163
86153
86131
86126
86118
86110
86106
86104
86091
86089
86061
86059
86030
86022
86020
86020
86018
86006
86003
85985
85964
85956
85951
85942
85940
85926
85923
85919
85911
85905
85901
85900
85884
85883
85878
85876
85866
85855
85854
85852
85816
85812
85811
85810
85779
85777
85761
85748
85747
85725
85716
85706
85670
85652
85643
85640
85636
85632
85625
85619
85610
85597
85579
85576
85574
85569
85568
85557
85554
85541
85523
85517
85493
85489
85485
85464
85461
85443
85438
85430
85426
85425
85424
85421
85413
85409
85396
85394
85393
85393
85389
85384
85361
85359
85359
85353
85334
85302
85294
85290
85288
85278
85229
85226
85222
85213
85176
85172
85171
85170
85167
85149
85126
85118
85112
85074
85067
85058
85021
85001
85001
84985
84984
84954
84942
84923
84917
84915
84912
84905
84897
84891
84881
84875
84870
84866
84865
84856
84811
84803
84801
84797
84788
84767
84764
84730
84720
84682
84665
84657
84642
84588
84576
84566
84564
84543
84533
84530
84508
84452
84432
84432
84428
84426
84409
84386
84386
84381
84367
84362
84355
84347
84338
84336
84331
84320
84314
84307
84301
84301
84297
84284
84273
84261
84260
84260
84250
84246
84246
84224
84221
84214
84211
84196
84183
84181
84181
84173
84167
84150
84150
84147
84142
84139
84139
84131
84117
84095
84092
84089
84060
84060
84042
84002
83996
83992
83989
83986
83980
83959
83951
83939
83936
83902
83895
83887
83878
83848
83838
83830
83818
83815
83777
83763
83713
83711
83705
83693
83688
83683
83672
83658
83653
83650
83642
83636
83619
83611
83583
83554
83552
83541
83534
83522
83521
83519
83512
83512
83506
83500
83494
83491
83475
83473
83458
83432
83429
83424
83411
83396
83383
83369
83366
83362
83354
83342
83337
83330
83314
83312
83292
83274
83263
83244
83242
83201
83197
83177
83166
83166
83155
83155
83131
83130
83123
83117
83099
83085
83075
83067
83054
83051
83033
83029
83023
83008
83007
83003
82984
82984
82979
82969
82966
82958
82945
82937
82927
82927
82901
82901
82898
82891
82858
82856
82827
82826
82824
82794
82784
82779
82772
82767
82752
82732
82709
82665
82665
82654
82643
82639
82626
82606
82601
82601
82598
82589
82585
82564
82550
82549
82533
82494
82482
82481
82460
82459
82456
82454
82438
82429
82422
82418
82417
82416
82409
82404
82399
82395
82344
82343
82328
82281
82257
82225
82216
82208
82202
82198
82174
82169
82168
82121
82119
82105
82100
82093
82067
82052
82037
82036
82034
82016
82012
81988
81980
81964
81956
81952
81945
81935
81921
81911
81907
81906
81887
81875
81867
81864
81856
81854
81851
81846
81839
81839
81838
81818
81803
81798
81794
81794
81790
81787
81771
81742
81737
81734
81718
81712
81706
81691
81682
81672
81669
81659
81655
81647
81645
81622
81605
81580
81579
81572
81569
81551
81541
81535
81527
81526
81520
81498
81490
81487
81478
81478
81449
81447
81435
81435
81434
81434
81426
81416
81405
81353
81347
81342
81337
81337
81337
81329
81301
81292
81277
81274
81210
81207
81187
81178
81165
81127
81101
81082
81075
81064
81061
81056
81055
81038
81033
81032
81022
81008
80998
80996
80995
80979
80975
80974
80972
80928
80905
80900
80896
80866
80838
80834
80823
80818
80808
80781
80778
80745
80743
80741
80740
80739
80731
80716
80708
80691
80665
80660
80649
80649
80646
80629
80622
80616
80616
80611
80594
80588
80580
80580
80564
80552
80550
80549
80542
80532
80531
80522
80520
80519
80502
80494
80491
80490
80490
80477
80446
80417
80393
80360
80344
80320
80316
80314
80309
80296
80279
80277
80275
80272
80262
80259
80258
80252
80249
80249
80247
80224
80216
80215
80211
80206
80205
80186
80180
80173
80172
80157
80146
80142
80127
80122
80116
80111
80101
80095
80093
80083
80057
80053
80019
79981
79975
79964
79962
79940
79921
79908
79901
79899
79874
79865
79835
79834
79822
79822
79812
79793
79789
79773
79772
79769
79764
79755
79754
79741
79739
79726
79726
79721
79675
79671
79669
79649
79648
79648
79643
79633
79627
79625
79616
79612
79610
79596
79581
79573
79572
79569
79564
79564
79550
79520
79519
79507
79501
79458
79457
79436
79424
79410
79410
79408
79406
79395
79395
79386
79381
79361
79312
79296
79296
79283
79269
79262
79251
79228
79226
79219
79195
79194
79192
79188
79186
79180
79179
79178
79166
79158
79148
79133
79128
79116
79110
79105
79103
79095
79085
79084
79060
79054
79027
79006
79004
79003
78968
78948
78947
78940
78938
78912
78911
78910
78878
78875
78873
78863
78856
78851
78845
78833
78816
78811
78802
78796
78783
78769
78728
78727
78725
78708
78708
78690
78686
78682
78681
78660
78648
78618
78610
78608
78589
78578
78568
78558
78557
78548
78546
78536
78536
78529
78517
78515
78514
78505
78502
78495
78477
78474
78461
78457
78451
78451
78447
78439
78431
78429
78422
78421
78405
78394
78378
78378
78362
78360
78342
78335
78314
78303
78292
78289
78263
78238
78234
78233
78199
78162
78161
78154
78137
78126
78126
78120
78118
78101
78097
78094
78088
78082
78075
78064
78037
78036
78034
78030
78022
78019
78018
78017
78016
78010
78005
77953
77948
77913
77910
77905
77901
77898
77876
77874
77870
77847
77840
77837
77828
77827
77806
77805
77800
77795
77770
77769
77752
77752
77745
77742
77737
77728
77726
77724
77712
77705
77700
77699
77691
77688
77680
77675
77664
77663
77651
77622
77616
77614
77606
77602
77602
77581
77572
77563
77562
77562
77553
77548
77541
77536
77527
77524
77523
77512
77499
77496
77496
77495
77492
77485
77478
77476
77457
77452
77429
77415
77405
77375
77374
77373
77372
77368
77363
77362
77354
77346
77344
77343
77325
77309
77303
77301
77280
77277
77269
77264
77263
77261
77261
77251
77240
77239
77237
77213
77205
77194
77173
77171
77167
77154
77151
77131
77124
77110
77094
77089
77088
77085
77072
77065
77059
77033
77001
77001
76995
76984
76984
76968
76950
76947
76940
76939
76935
76929
76926
76923
76921
76919
76919
76906
76890
76890
76885
76879
76866
76861
76840
76835
76834
76801
76800
76800
76790
76784
76780
76780
76779
76772
76763
76761
76745
76730
76730
76719
76714
76705
76704
76703
76698
76692
76659
76655
76637
76633
76613
76607
76604
76597
76592
76582
76581
76558
76555
76553
76529
76527
76519
76511
76473
76454
76444
76432
76427
76426
76420
76419
76405
76404
76401
76397
76391
76381
76380
76363
76355
76343
76328
76326
76321
76320
76320
76300
76300
76297
76296
76289
76271
76252
76248
76208
76188
76183
76181
76172
76167
76166
76145
76140
76132
76121
76111
76100
76079
76070
76046
76039
76036
76035
76023
76017
75988
75983
75967
75958
75949
75942
75935
75933
75918
75918
75898
75888
75888
75876
75874
75868
75857
75852
75840
75836
75818
75812
75809
75804
75784
75784
75777
75767
75758
75743
75738
75732
75728
75717
75693
75691
75687
75684
75678
75675
75673
75666
75660
75654
75630
75627
75620
75611
75608
75590
75589
75531
75516
75510
75508
75506
75506
75505
75500
75480
75475
75469
75468
75462
75456
75451
75449
75447
75441
75421
75403
75397
75391
75375
75373
75366
75358
75343
75330
75327
75320
75260
75242
75235
75235
75233
75233
75227
75219
75205
75201
75196
75190
75185
75183
75181
75177
75175
75155
75144
75137
75135
75127
75112
75112
75108
75088
75080
75078
75047
75030
75026
75018
75016
75011
75000
74992
74986
74985
74970
74970
74962
74956
74952
74911
74910
74909
74907
74894
74888
74886
74877
74877
74874
74868
74860
74847
74833
74830
74818
74815
74812
74811
74794
74791
74790
74780
74759
74742
74739
74713
74703
74693
74692
74683
74668
74628
74627
74626
74621
74601
74599
74594
74580
74512
74507
74503
74503
74497
74488
74479
74467
74457
74449
74442
74437
74418
74410
74406
74396
74394
74384
74335
74302
74289
74281
74276
74268
74266
74264
74244
74243
74243
74206
74204
74164
74162
74158
74147
74146
74089
74085
74062
74061
74056
74053
74047
74046
74044
74030
74024
74019
74017
74006
73989
73924
73923
73911
73909
73907
73901
73891
73883
73878
73873
73833
73831
73807
73780
73776
73771
73744
73733
73722
73718
73706
73699
73692
73670
73670
73655
73649
73649
73648
73648
73642
73634
73628
73623
73617
73612
73592
73583
73581
73581
73576
73574
73571
73550
73549
73547
73518
73513
73508
73478
73477
73473
73471
73446
73441
73439
73405
73362
73354
73349
73345
73344
73333
73305
73286
73285
73282
73268
73268
73265
73263
73252
73232
73227
73222
73211
73204
73174
73151
73138
73133
73091
73080
73078
73067
73066
73040
73034
73030
73010
73007
72986
72955
72924
72924
72923
72904
72897
72896
72850
72849
72844
72842
72837
72830
72829
72822
72817
72787
72782
72779
72778
72778
72775
72760
72757
72755
72753
72753
72749
72738
72712
72710
72707
72694
72651
72625
72625
72620
72596
72590
72589
72587
72584
72580
72573
72568
72563
72545
72530
72529
72526
72518
72495
72495
72494
72484
72470
72451
72432
72425
72424
72410
72409
72408
72408
72403
72394
72388
72368
72365
72363
72339
72328
72317
72315
72301
72276
72272
72268
72259
72236
72229
72221
72210
72209
72200
72182
72166
72154
72135
72126
72126
72103
72091
72087
72085
72082
72071
72065
72062
72022
72017
72009
72008
72003
71997
71965
71953
71936
71919
71909
71903
71897
71894
71890
71889
71889
71881
71876
71871
71868
71852
71844
71844
71839
71833
71825
71799
71798
71784
71779
71773
71764
71755
71720
71719
71700
71678
71655
71648
71621
71613
71606
71606
71603
71601
71591
71571
71571
71569
71560
71554
71535
71524
71523
71523
71506
71501
71481
71465
71463
71458
71454
71434
71406
71387
71382
71367
71364
71362
71346
71326
71316
71313
71307
71293
71285
71268
71266
71257
71244
71238
71234
71230
71221
71208
71188
71180
71178
71174
71168
71167
71162
71149
71146
71139
71131
71130
71124
71101
71073
71055
71053
71043
71032
71027
71018
71016
71009
70989
70982
70973
70928
70910
70905
70904
70897
70896
70886
70881
70875
70873
70862
70861
70860
70858
70858
70856
70836
70830
70806
70792
70772
70768
70764
70738
70736
70730
70715
70707
70695
70680
70680
70673
70662
70656
70631
70620
70601
70601
70564
70556
70517
70514
70509
70506
70496
70495
70487
70467
70450
70426
70399
70393
70386
70379
70369
70320
70311
70309
70302
70302
70294
70282
70271
70262
70254
70250
70220
70215
70209
70203
70193
70187
70176
70175
70155
70134
70114
70097
70091
70088
70084
70081
70073
70059
70058
70048
70042
70029
70026
70020
70019
70009
70005
69986
69976
69958
69955
69930
69900
69897
69896
69885
69850
69837
69828
69828
69818
69816
69815
69802
69775
69775
69743
69742
69739
69704
69696
69645
69629
69624
69612
69610
69594
69586
69585
69550
69511
69508
69507
69498
69491
69470
69462
69450
69443
69436
69426
69423
69410
69352
69338
69336
69326
69316
69314
69299
69295
69277
69270
69265
69264
69253
69250
69231
69230
69193
69185
69175
69150
69138
69132
69098
69095
69091
69087
69071
69064
69056
69044
69040
69036
69030
69026
69022
69009
68999
68976
68958
68950
68938
68928
68926
68924
68921
68910
68905
68897
68889
68886
68875
68869
68853
68837
68835
68833
68826
68825
68816
68800
68792
68792
68787
68748
68743
68739
68704
68686
68666
68664
68655
68639
68618
68607
68579
68577
68569
68547
68546
68541
68540
68525
68516
68514
68510
68497
68491
68489
68485
68477
68472
68463
68453
68449
68435
68427
68425
68423
68405
68404
68393
68390
68361
68357
68347
68346
68338
68329
68311
68283
68282
68280
68272
68270
68267
68250
68233
68227
68204
68202
68192
68175
68156
68152
68146
68133
68098
68092
68090
68079
68067
68067
68056
68053
68044
68036
68035
68029
68026
68004
67996
67982
67979
67967
67962
67945
67939
67938
67932
67922
67906
67894
67892
67880
67878
67865
67860
67857
67828
67823
67817
67779
67760
67758
67751
67747
67741
67737
67720
67718
67717
67706
67697
67675
67674
67661
67660
67657
67644
67637
67628
67626
67624
67624
67614
67607
67588
67578
67563
67554
67534
67533
67529
67528
67510
67489
67481
67475
67444
67442
67432
67428
67417
67412
67410
67399
67396
67392
67391
67390
67367
67359
67356
67355
67337
67333
67310
67308
67307
67302
67302
67301
67294
67292
67284
67278
67273
67254
67199
67179
67157
67152
67151
67147
67146
67121
67116
67110
67105
67105
67100
67087
67086
67073
67067
67059
67033
67007
67006
66999
66998
66997
66994
66993
66969
66959
66957
66915
66912
66904
66873
66868
66849
66847
66833
66815
66815
66811
66799
66788
66785
66781
66757
66748
66744
66741
66736
66714
66709
66702
66682
66680
66674
66654
66624
66621
66618
66609
66606
66591
66591
66573
66566
66562
66559
66530
66526
66522
66510
66504
66491
66469
66442
66438
66435
66430
66403
66396
66394
66392
66375
66361
66360
66357
66342
66330
66319
66319
66314
66301
66264
66256
66253
66216
66215
66203
66202
66191
66175
66140
66121
66101
66100
66071
66062
66053
66041
66033
66032
66011
66004
65997
65992
65985
65981
65979
65958
65957
65943
65942
65940
65930
65921
65919
65918
65911
65905
65904
65895
65895
65894
65878
65834
65823
65819
65817
65809
65806
65795
65789
65771
65770
65761
65756
65751
65749
65742
65740
65723
65719
65708
65701
65685
65684
65666
65666
65661
65656
65651
65648
65645
65634
65633
65626
65621
65598
65597
65587
65586
65583
65567
65562
65528
65525
65516
65514
65497
65495
65493
65488
65478
65472
65463
65461
65456
65431
65403
65400
65385
65384
65376
65373
65369
65367
65347
65331
65326
65311
65302
65299
65294
65285
65279
65277
65271
65269
65268
65266
65245
65242
65238
65226
65199
65198
65194
65187
65186
65180
65165
65160
65147
65146
65140
65094
65082
65075
65071
65062
65060
65059
65039
65026
65012
65003
65002
64986
64978
64970
64958
64954
64953
64914
64899
64866
64843
64839
64834
64801
64800
64791
64771
64762
64761
64751
64736
64725
64716
64699
64693
64686
64670
64643
64622
64622
64613
64590
64583
64576
64570
64562
64555
64543
64537
64528
64515
64504
64500
64461
64455
64448
64438
64432
64401
64400
64385
64372
64360
64355
64344
64339
64327
64308
64307
64306
64292
64278
64277
64268
64259
64236
64233
64228
64217
64215
64214
64210
64207
64183
64182
64180
64135
64129
64119
64119
64106
64075
64075
64067
64064
64046
64046
64044
64043
64037
64035
64025
64007
63995
63981
63965
63955
63951
63946
63909
63893
63883
63872
63869
63868
63863
63858
63833
63830
63820
63802
63799
63796
63775
63771
63739
63738
63733
63726
63724
63714
63704
63693
63685
63681
63671
63654
63652
63648
63636
63624
63599
63580
63580
63572
63567
63567
63558
63557
63556
63550
63547
63534
63532
63531
63529
63527
63504
63503
63437
63433
63433
63430
63403
63377
63358
63350
63342
63335
63333
63329
63313
63311
63303
63298
63290
63287
63286
63267
63266
63264
63261
63256
63248
63247
63217
63213
63209
63207
63176
63164
63149
63147
63145
63145
63135
63124
63107
63091
63074
63071
63049
63048
63032
63030
63026
63009
63005
62997
62981
62951
62938
62936
62932
62921
62891
62875
62855
62854
62850
62849
62849
62826
62793
62789
62787
62787
62751
62741
62737
62729
62700
62696
62692
62681
62680
62677
62654
62654
62643
62623
62602
62596
62581
62578
62571
62566
62542
62536
62534
62530
62517
62458
62456
62446
62434
62432
62419
62412
62409
62407
62394
62384
62378
62368
62359
62346
62343
62342
62342
62334
62314
62310
62294
62291
62290
62289
62285
62284
62281
62273
62270
62267
62252
62246
62225
62222
62203
62197
62194
62188
62174
62153
62112
62105
62091
62079
62074
62074
62068
62066
62021
61994
61977
61973
61972
61965
61954
61930
61923
61920
61915
61910
61907
61891
61884
61882
61851
61849
61843
61789
61787
61786
61780
61776
61775
61774
61771
61727
61718
61700
61700
61682
61678
61675
61643
61618
61611
61604
61580
61554
61544
61536
61533
61516
61514
61513
61509
61498
61492
61474
61452
61435
61433
61428
61422
61407
61366
61365
61346
61344
61329
61327
61324
61301
61300
61296
61283
61278
61261
61225
61223
61216
61211
61194
61173
61162
61158
61153
61151
61147
61144
61137
61133
61127
61125
61124
61120
61118
61110
61093
61091
61087
61079
61074
61073
61047
61016
61013
61013
61007
60981
60975
60962
60960
60959
60958
60958
60951
60933
60922
60921
60903
60899
60891
60884
60880
60866
60865
60864
60846
60840
60838
60833
60819
60813
60810
60808
60799
60798
60782
60778
60778
60772
60760
60756
60752
60732
60724
60700
60691
60620
60610
60600
60591
60587
60566
60563
60557
60547
60544
60528
60523
60516
60482
60475
60474
60454
60447
60445
60380
60360
60356
60352
60332
60307
60306
60282
60281
60281
60279
60274
60243
60241
60233
60231
60220
60208
60203
60192
60182
60171
60166
60163
60160
60159
60143
60134
60132
60114
60099
60094
60084
60080
60064
60062
60061
60048
60043
60040
60032
60001
59971
59970
59962
59956
59930
59928
59915
59910
59891
59876
59862
59858
59849
59842
59838
59817
59805
59785
59772
59772
59754
59735
59734
59727
59722
59711
59702
59694
59692
59690
59682
59676
59673
59657
59650
59649
59625
59613
59596
59592
59569
59558
59545
59544
59540
59519
59507
59480
59478
59465
59464
59449
59425
59420
59403
59387
59383
59371
59370
59368
59346
59330
59290
59268
59245
59225
59215
59207
59179
59166
59153
59147
59136
59125
59116
59096
59080
59077
59062
59056
59053
59044
59040
59023
59017
59003
59000
58987
58973
58972
58963
58961
58953
58951
58950
58947
58934
58917
58892
58872
58871
58849
58843
58842
58840
58840
58835
58825
58815
58814
58810
58790
58778
58776
58761
58751
58750
58746
58724
58707
58702
58631
58588
58587
58572
58568
58556
58555
58538
58538
58527
58525
58509
58487
58478
58470
58410
58404
58396
58392
58355
58329
58327
58325
58323
58322
58321
58298
58266
58249
58246
58245
58239
58166
58162
58161
58149
58149
58137
58134
58131
58129
58106
58100
58099
58089
58063
58054
58052
58011
58008
58005
57996
57983
57975
57975
57974
57944
57943
57919
57897
57880
57868
57866
57852
57848
57841
57832
57826
57826
57824
57821
57818
57814
57805
57803
57801
57784
57776
57768
57761
57753
57735
57728
57715
57715
57713
57679
57674
57663
57624
57618
57584
57572
57567
57557
57547
57535
57515
57514
57501
57494
57491
57476
57468
57445
57442
57441
57434
57429
57427
57420
57389
57363
57350
57350
57343
57341
57327
57325
57315
57307
57302
57299
57291
57285
57267
57246
57244
57237
57224
57223
57221
57192
57188
57179
57169
57168
57162
57153
57119
57111
57107
57103
57098
57095
57074
57029
57018
56995
56993
56983
56962
56960
56943
56931
56930
56922
56920
56915
56903
56901
56895
56888
56886
56883
56879
56866
56863
56852
56847
56846
56845
56845
56832
56828
56821
56820
56810
56795
56778
56770
56768
56755
56753
56750
56739
56738
56725
56721
56709
56679
56654
56652
56632
56618
56583
56580
56578
56573
56569
56568
56567
56540
56528
56523
56497
56489
56489
56476
56470
56447
56442
56440
56432
56424
56415
56412
56409
56402
56393
56393
56378
56374
56373
56371
56364
56364
56361
56350
56342
56314
56314
56308
56307
56296
56257
56253
56253
56219
56196
56181
56170
56144
56142
56139
56135
56131
56114
56075
56061
56044
56040
56030
56014
55991
55990
55982
55969
55967
55949
55943
55942
55936
55912
55893
55888
55883
55873
55871
55854
55848
55840
55837
55836
55830
55800
55795
55767
55758
55752
55744
55726
55717
55716
55697
55690
55658
55641
55630
55622
55615
55615
55574
55561
55552
55534
55516
55510
55508
55506
55500
55488
55487
55479
55468
55465
55450
55444
55440
55436
55436
55435
55418
55414
55397
55396
55379
55342
55341
55325
55323
55322
55310
55294
55286
55270
55265
55248
55227
55225
55204
55182
55173
55165
55155
55126
55120
55114
55088
55082
55077
55064
55037
55020
55016
55009
55003
54980
54974
54964
54960
54953
54947
54945
54944
54942
54928
54918
54907
54900
54894
54848
54840
54839
54833
54819
54805
54786
54777
54760
54759
54753
54744
54744
54741
54719
54698
54680
54675
54665
54661
54659
54655
54642
54638
54637
54633
54627
54610
54568
54558
54555
54548
54543
54526
54520
54501
54496
54493
54455
54455
54454
54450
54378
54364
54345
54345
54343
54328
54327
54319
54306
54296
54289
54271
54260
54256
54247
54242
54235
54229
54229
54228
54212
54207
54205
54199
54197
54195
54195
54193
54192
54177
54170
54163
54161
54159
54149
54148
54122
54081
54078
54073
54064
54035
54030
54023
54020
54005
54001
54001
53993
53975
53951
53947
53944
53930
53925
53919
53909
53862
53862
53857
53849
53837
53836
53832
53820
53810
53804
53789
53783
53783
53781
53774
53756
53753
53732
53714
53698
53696
53680
53673
53669
53659
53657
53655
53637
53609
53607
53602
53601
53588
53586
53552
53541
53534
53522
53521
53515
53510
53501
53482
53474
53468
53461
53461
53454
53446
53427
53424
53411
53348
53341
53339
53298
53292
53284
53281
53276
53225
53224
53204
53202
53198
53191
53189
53183
53180
53173
53163
53140
53135
53124
53116
53110
53106
53098
53083
53082
53048
53043
53020
53006
52997
52961
52952
52951
52949
52930
52922
52882
52867
52850
52845
52843
52841
52820
52812
52811
52810
52808
52776
52772
52767
52764
52754
52751
52746
52742
52741
52708
52700
52678
52671
52667
52665
52659
52657
52656
52654
52654
52635
52617
52610
52609
52561
52558
52535
52533
52522
52521
52521
52508
52493
52487
52485
52479
52469
52467
52462
52451
52427
52412
52412
52411
52392
52368
52354
52337
52330
52321
52319
52319
52317
52289
52279
52266
52255
52254
52246
52243
52239
52238
52213
52195
52184
52166
52146
52123
52119
52111
52101
52086
52074
52068
52059
52048
52046
52042
52035
52034
52033
52031
52026
52012
52003
51998
51988
51972
51964
51964
51962
51916
51913
51910
51910
51906
51892
51882
51878
51872
51869
51860
51855
51845
51833
51824
51822
51814
51796
51785
51785
51784
51777
51767
51734
51719
51717
51712
51711
51708
51702
51689
51685
51681
51677
51654
51652
51648
51638
51625
51620
51619
51618
51607
51600
51589
51586
51574
51558
51536
51514
51510
51508
51506
51501
51473
51455
51450
51445
51435
51427
51420
51405
51405
51401
51387
51371
51370
51364
51363
51355
51355
51316
51309
51306
51300
51287
51280
51268
51265
51265
51243
51238
51237
51218
51217
51177
51172
51160
51156
51152
51146
51142
51135
51130
51127
51113
51113
51075
51059
51049
51043
51036
50996
50991
50990
50980
50965
50942
50939
50936
50930
50917
50903
50899
50894
50893
50885
50867
50866
50806
50802
50774
50772
50763
50755
50750
50739
50729
50692
50676
50666
50632
50623
50622
50616
50602
50599
50592
50586
50585
50577
50569
50537
50530
50518
50489
50485
50484
50482
50469
50467
50467
50465
50449
50444
50436
50429
50422
50409
50396
50383
50376
50371
50351
50350
50343
50310
50308
50281
50270
50262
50253
50238
50232
50228
50219
50218
50215
50205
50198
50197
50193
50190
50173
50172
50169
50164
50147
50141
50114
50087
50073
50059
50050
50047
50034
50011
49997
49996
49984
49976
49974
49972
49951
49924
49920
49918
49915
49912
49905
49903
49887
49870
49868
49866
49864
49858
49854
49852
49842
49824
49811
49802
49802
49773
49720
49720
49716
49708
49702
49695
49672
49665
49661
49651
49649
49643
49641
49615
49615
49614
49601
49575
49568
49561
49552
49542
49502
49501
49493
49491
49482
49479
49478
49454
49446
49435
49426
49414
49402
49389
49381
49357
49348
49337
49331
49324
49281
49279
49275
49256
49250
49249
49247
49236
49226
49215
49215
49197
49182
49171
49164
49160
49159
49152
49142
49136
49126
49122
49111
49109
49100
49093
49058
49057
49054
49054
49049
49042
49036
49026
48999
48984
48981
48975
48947
48926
48887
48883
48879
48877
48874
48870
48864
48848
48848
48835
48803
48792
48786
48779
48777
48762
48677
48673
48626
48625
48621
48618
48610
48605
48589
48588
48587
48580
48571
48567
48557
48537
48529
48528
48525
48509
48495
48493
48491
48486
48474
48442
48434
48433
48421
48414
48407
48399
48392
48385
48384
48382
48369
48354
48318
48301
48282
48255
48252
48249
48248
48233
48227
48160
48143
48132
48130
48125
48123
48118
48116
48108
48098
48096
48087
48084
48079
48078
48044
48041
48038
48028
48025
48009
48009
47986
47946
47943
47924
47915
47906
47903
47888
47876
47866
47864
47860
47860
47849
47849
47841
47841
47838
47823
47800
47791
47777
47755
47704
47701
47696
47687
47678
47676
47670
47670
47665
47661
47631
47626
47624
47567
47560
47544
47543
47540
47534
47527
47469
47465
47464
47461
47452
47449
47448
47446
47440
47432
47409
47408
47388
47387
47383
47349
47330
47318
47318
47307
47280
47276
47275
47257
47250
47232
47201
47201
47192
47192
47191
47190
47177
47159
47152
47143
47142
47133
47100
47090
47057
47053
47040
47029
47024
47021
47016
47016
46977
46966
46962
46956
46953
46933
46931
46919
46913
46877
46854
46851
46845
46807
46804
46801
46800
46792
46770
46719
46717
46704
46679
46653
46644
46630
46624
46609
46604
46599
46598
46588
46574
46562
46546
46546
46545
46542
46538
46536
46531
46531
46528
46513
46496
46494
46476
46472
46468
46465
46463
46459
46441
46430
46429
46405
46403
46402
46400
46396
46394
46387
46384
46382
46374
46372
46356
46334
46330
46319
46318
46312
46311
46308
46302
46288
46271
46269
46268
46258
46256
46247
46246
46232
46193
46193
46192
46190
46177
46170
46160
46159
46153
46086
46055
46049
46046
46044
46012
45984
45983
45976
45972
45962
45959
45939
45933
45930
45883
45882
45878
45863
45842
45839
45834
45798
45796
45793
45784
45777
45769
45730
45703
45691
45671
45667
45663
45658
45656
45633
45611
45611
45594
45590
45589
45586
45545
45542
45534
45533
45515
45507
45497
45483
45471
45470
45469
45458
45454
45442
45434
45418
45416
45377
45373
45358
45353
45346
45343
45338
45323
45303
45274
45261
45256
45236
45222
45221
45209
45202
45187
45176
45163
45156
45154
45146
45134
45117
45101
45094
45084
45068
45050
45048
45045
45038
45038
45013
45011
45000
44985
44982
44966
44953
44947
44945
44927
44926
44915
44911
44895
44884
44876
44837
44836
44810
44799
44796
44777
44769
44762
44757
44756
44739
44734
44724
44714
44703
44685
44670
44656
44654
44632
44630
44628
44613
44552
44550
44536
44535
44532
44510
44505
44501
44495
44482
44476
44465
44461
44452
44443
44442
44437
44429
44419
44384
44351
44348
44342
44337
44331
44330
44318
44313
44288
44276
44268
44263
44258
44258
44238
44232
44188
44171
44170
44132
44131
44121
44117
44105
44085
44074
44048
44017
44002
43987
43987
43980
43980
43980
43956
43942
43941
43933
43931
43926
43917
43916
43857
43845
43841
43835
43831
43818
43803
43787
43775
43759
43735
43727
43710
43704
43683
43682
43672
43668
43659
43638
43630
43630
43619
43607
43601
43594
43588
43584
43541
43537
43525
43522
43504
43500
43496
43495
43495
43491
43487
43481
43470
43438
43404
43399
43394
43393
43383
43382
43378
43364
43361
43361
43327
43314
43291
43286
43281
43270
43246
43239
43237
43217
43208
43204
43193
43184
43181
43176
43167
43159
43157
43142
43135
43134
43120
43099
43083
43065
43062
43060
43052
43050
43048
43042
43041
43040
43011
42995
42991
42982
42976
42964
42942
42931
42930
42909
42870
42841
42827
42814
42800
42790
42785
42768
42762
42761
42759
42754
42745
42743
42732
42720
42716
42713
42713
42688
42684
42661
42660
42655
42650
42650
42649
42644
42634
42629
42621
42620
42614
42594
42588
42584
42582
42581
42573
42567
42554
42524
42524
42510
42502
42464
42463
42463
42428
42426
42421
42402
42382
42379
42358
42336
42333
42329
42325
42320
42318
42309
42307
42304
42304
42285
42281
42281
42279
42278
42275
42242
42211
42192
42163
42162
42147
42129
42116
42098
42097
42097
42091
42082
42069
42066
42066
42027
42026
42021
42014
42012
42003
41979
41963
41952
41929
41914
41898
41883
41882
41879
41876
41855
41849
41843
41826
41825
41818
41817
41807
41799
41797
41786
41785
41767
41751
41751
41740
41725
41723
41722
41702
41695
41681
41678
41669
41625
41622
41618
41618
41607
41603
41596
41586
41575
41571
41547
41527
41515
41503
41494
41492
41482
41471
41428
41423
41406
41404
41397
41388
41360
41359
41351
41351
41351
41331
41329
41327
41320
41318
41304
41265
41265
41251
41248
41248
41240
41238
41237
41237
41232
41205
41189
41173
41165
41159
41150
41148
41137
41131
41131
41126
41104
41083
41080
41072
41069
41064
41063
41036
41008
41006
40989
40953
40946
40924
40919
40908
40905
40904
40891
40872
40857
40852
40844
40838
40818
40816
40804
40796
40795
40795
40784
40752
40749
40736
40716
40697
40691
40678
40646
40634
40609
40605
40592
40585
40584
40534
40507
40493
40474
40463
40434
40434
40432
40432
40431
40429
40396
40370
40362
40327
40317
40311
40299
40288
40247
40226
40225
40222
40213
40212
40184
40178
40177
40176
40168
40146
40138
40133
40132
40124
40117
40108
40100
40098
40077
40072
40067
40056
40052
40050
40046
40028
40024
39998
39984
39980
39971
39959
39955
39955
39949
39916
39903
39890
39884
39879
39858
39854
39848
39846
39844
39834
39814
39812
39808
39800
39793
39777
39773
39765
39738
39735
39728
39728
39722
39714
39713
39710
39705
39702
39689
39688
39678
39678
39671
39666
39664
39658
39645
39637
39628
39627
39622
39616
39611
39610
39576
39574
39548
39535
39535
39534
39528
39527
39501
39497
39493
39475
39460
39438
39425
39411
39396
39385
39383
39374
39371
39348
39334
39306
39302
39277
39272
39268
39263
39260
39238
39234
39227
39221
39206
39201
39199
39185
39166
39125
39116
39097
39093
39077
39050
39049
39043
39042
39017
39001
38985
38982
38982
38979
38971
38952
38942
38902
38901
38897
38885
38875
38843
38842
38836
38823
38794
38791
38774
38757
38756
38745
38739
38734
38722
38701
38699
38696
38682
38671
38669
38646
38646
38625
38624
38621
38620
38611
38602
38599
38594
38578
38567
38567
38566
38552
38551
38519
38505
38484
38462
38453
38423
38411
38410
38407
38396
38369
38365
38360
38355
38330
38329
38293
38266
38245
38208
38202
38191
38169
38168
38165
38165
38145
38141
38139
38139
38132
38128
38116
38110
38101
38100
38091
38076
38061
38061
38059
38059
38044
38035
38011
38008
37986
37985
37982
37963
37961
37947
37930
37923
37923
37921
37912
37909
37907
37899
37890
37854
37838
37834
37830
37811
37807
37797
37797
37789
37783
37749
37736
37734
37731
37730
37721
37705
37703
37686
37672
37672
37655
37652
37642
37621
37598
37589
37586
37577
37574
37566
37529
37519
37519
37517
37516
37514
37504
37502
37488
37487
37480
37479
37453
37448
37448
37431
37429
37419
37417
37413
37411
37407
37385
37382
37372
37362
37349
37349
37348
37347
37337
37321
37315
37308
37306
37299
37289
37264
37260
37227
37215
37189
37133
37130
37118
37116
37095
37074
37074
37072
37069
37057
37041
37035
37029
37021
37003
37001
36990
36981
36975
36969
36931
36931
36912
36906
36883
36870
36841
36834
36831
36803
36775
36766
36760
36731
36726
36724
36723
36722
36704
36703
36701
36694
36683
36665
36646
36639
36626
36622
36613
36607
36605
36594
36593
36569
36561
36559
36553
36549
36546
36531
36520
36518
36507
36504
36500
36493
36481
36470
36462
36459
36456
36448
36437
36418
36389
36368
36313
36309
36306
36301
36290
36282
36255
36244
36241
36234
36233
36225
36223
36220
36220
36216
36197
36184
36177
36171
36168
36158
36147
36135
36128
36128
36125
36093
36088
36083
36079
36059
36046
36043
36042
36038
36022
36006
35975
35952
35933
35930
35927
35915
35909
35899
35884
35861
35859
35847
35847
35828
35826
35825
35805
35796
35788
35785
35756
35752
35737
35732
35723
35720
35720
35703
35692
35671
35662
35653
35646
35646
35641
35639
35639
35639
35621
35617
35608
35573
35569
35561
35551
35549
35545
35534
35525
35525
35519
35507
35498
35479
35477
35475
35468
35457
35438
35437
35425
35409
35403
35397
35396
35392
35357
35339
35330
35323
35320
35312
35308
35301
35297
35277
35269
35233
35231
35228
35216
35213
35205
35189
35183
35182
35180
35178
35176
35176
35155
35155
35151
35148
35132
35126
35122
35109
35091
35062
35055
35054
35054
35043
35042
35042
35019
35018
35010
35000
34982
34976
34973
34957
34951
34946
34941
34934
34920
34912
34891
34881
34870
34828
34825
34806
34796
34795
34794
34780
34779
34777
34758
34751
34727
34703
34701
34694
34691
34679
34631
34626
34625
34621
34615
34609
34604
34588
34583
34569
34556
34536
34530
34528
34523
34515
34513
34512
34504
34496
34494
34479
34477
34477
34465
34460
34452
34447
34434
34396
34387
34368
34367
34365
34346
34344
34339
34325
34311
34311
34302
34296
34283
34263
34246
34240
34215
34202
34199
34195
34150
34150
34114
34095
34092
34059
34050
34046
34044
34036
34024
34020
34003
33982
33963
33959
33935
33916
33910
33909
33907
33896
33895
33893
33887
33881
33877
33865
33857
33834
33832
33829
33824
33822
33818
33804
33789
33784
33774
33771
33767
33764
33756
33756
33747
33722
33705
33694
33693
33674
33671
33669
33649
33640
33618
33614
33613
33607
33593
33586
33579
33577
33571
33569
33553
33541
33509
33505
33503
33502
33499
33490
33467
33466
33441
33433
33405
33402
33388
33385
33367
33357
33345
33320
33315
33311
33308
33290
33277
33273
33267
33161
33158
33152
33148
33141
33137
33136
33134
33134
33110
33103
33043
33042
33032
33014
32993
32979
32972
32959
32926
32925
32907
32883
32881
32881
32875
32844
32843
32839
32829
32823
32817
32808
32778
32767
32744
32738
32708
32688
32685
32673
32643
32637
32633
32612
32610
32603
32599
32591
32590
32583
32576
32573
32570
32559
32558
32543
32524
32519
32482
32461
32457
32447
32443
32434
32431
32395
32374
32369
32368
32350
32350
32349
32342
32320
32316
32309
32301
32297
32296
32277
32270
32258
32257
32253
32246
32244
32242
32228
32227
32214
32214
32213
32199
32186
32174
32173
32163
32161
32135
32112
32101
32072
32071
32063
32039
32035
32030
32026
32025
31998
31997
31987
31969
31951
31939
31935
31930
31918
31918
31914
31911
31885
31877
31867
31857
31853
31846
31821
31820
31819
31814
31784
31783
31776
31774
31770
31756
31727
31718
31714
31681
31679
31663
31648
31640
31638
31637
31628
31620
31619
31606
31595
31579
31569
31568
31544
31531
31512
31509
31501
31497
31489
31485
31482
31473
31443
31433
31429
31410
31409
31403
31396
31372
31362
31361
31356
31334
31312
31300
31297
31295
31281
31280
31279
31252
31247
31226
31225
31199
31191
31177
31173
31171
31167
31157
31141
31139
31117
31107
31106
31105
31105
31095
31086
31070
31035
31031
31023
31018
30999
30997
30971
30967
30957
30943
30933
30928
30898
30896
30873
30871
30860
30833
30830
30826
30821
30811
30803
30802
30800
30797
30790
30774
30772
30755
30753
30752
30751
30734
30721
30719
30681
30679
30678
30674
30666
30660
30657
30644
30625
30624
30622
30614
30611
30606
30585
30584
30567
30557
30556
30555
30554
30553
30535
30522
30520
30519
30518
30511
30509
30508
30470
30465
30457
30456
30448
30436
30432
30432
30418
30417
30412
30410
30409
30404
30402
30393
30379
30376
30366
30355
30354
30344
30337
30329
30328
30312
30301
30298
30289
30284
30282
30255
30251
30247
30224
30204
30194
30173
30169
30150
30136
30132
30131
30109
30108
30104
30096
30091
30065
30063
30058
30041
30040
30036
30033
30032
30032
30027
30013
29992
29987
29985
29984
29981
29970
29962
29955
29945
29899
29879
29860
29856
29850
29844
29844
29825
29810
29803
29789
29782
29768
29768
29763
29755
29750
29741
29736
29711
29706
29697
29681
29656
29650
29635
29630
29622
29613
29602
29569
29549
29512
29507
29491
29483
29471
29433
29431
29427
29416
29416
29415
29412
29411
29392
29391
29367
29350
29350
29349
29334
29330
29329
29307
29296
29288
29264
29253
29245
29237
29210
29202
29197
29190
29186
29167
29156
29143
29133
29130
29129
29117
29116
29099
29097
29080
29079
29068
29068
29067
29064
29051
29040
29038
29021
29011
28998
28997
28968
28956
28953
28952
28942
28928
28923
28923
28920
28917
28910
28908
28894
28882
28881
28880
28878
28871
28850
28848
28842
28842
28838
28830
28825
28819
28802
28793
28780
28769
28767
28756
28752
28742
28739
28734
28728
28727
28710
28708
28676
28676
28667
28649
28638
28633
28629
28613
28603
28599
28597
28589
28573
28562
28558
28558
28554
28553
28548
28541
28537
28520
28513
28511
28509
28508
28488
28484
28479
28460
28456
28444
28438
28436
28432
28398
28389
28383
28370
28369
28367
28365
28334
28324
28321
28310
28297
28288
28285
28281
28266
28261
28259
28258
28258
28252
28250
28245
28242
28219
28206
28205
28195
28185
28182
28172
28125
28117
28093
28087
28066
28064
28062
28054
28050
28046
28028
28024
28007
27984
27972
27961
27958
27937
27930
27925
27899
27897
27895
27890
27889
27888
27868
27848
27825
27819
27818
27810
27810
27805
27801
27764
27746
27701
27678
27674
27666
27648
27635
27616
27610
27600
27598
27595
27583
27577
27555
27520
27520
27508
27501
27493
27490
27487
27466
27458
27452
27432
27423
27412
27408
27407
27369
27359
27354
27318
27316
27312
27312
27295
27291
27260
27256
27252
27247
27240
27240
27221
27209
27206
27205
27203
27199
27172
27171
27171
27164
27109
27106
27078
27076
27066
27055
27038
27000
26998
26992
26984
26980
26979
26974
26974
26969
26968
26950
26949
26944
26934
26927
26920
26919
26908
26901
26893
26883
26880
26878
26877
26875
26867
26863
26843
26834
26829
26820
26810
26803
26802
26800
26774
26773
26771
26759
26752
26744
26735
26731
26714
26696
26685
26670
26654
26620
26620
26616
26615
26612
26610
26595
26567
26561
26546
26539
26508
26480
26476
26472
26469
26456
26453
26440
26426
26410
26390
26375
26347
26343
26337
26334
26322
26318
26287
26286
26278
26255
26252
26244
26244
26244
26242
26225
26212
26182
26180
26144
26143
26140
26135
26133
26126
26119
26095
26089
26050
26048
26022
26021
26015
26014
26010
26003
25985
25967
25962
25959
25956
25932
25916
25894
25861
25850
25848
25836
25828
25825
25790
25756
25705
25695
25685
25681
25674
25660
25648
25644
25635
25623
25620
25605
25594
25577
25577
25561
25551
25537
25534
25534
25518
25509
25490
25478
25466
25465
25463
25440
25438
25402
25400
25391
25381
25378
25370
25348
25342
25330
25326
25321
25313
25305
25299
25291
25275
25272
25264
25254
25253
25223
25212
25211
25203
25202
25200
25189
25186
25177
25148
25120
25120
25119
25112
25108
25107
25098
25095
25055
25053
25035
25030
25023
25005
24959
24952
24940
24924
24923
24909
24908
24902
24885
24881
24866
24858
24850
24826
24822
24819
24800
24791
24776
24774
24773
24762
24744
24729
24728
24697
24672
24672
24667
24664
24656
24653
24642
24635
24635
24634
24620
24619
24611
24609
24600
24592
24590
24569
24569
24535
24529
24523
24486
24473
24455
24448
24440
24431
24430
24417
24397
24395
24390
24384
24362
24337
24313
24299
24297
24276
24275
24271
24252
24248
24226
24224
24219
24213
24206
24190
24188
24179
24179
24179
24178
24175
24153
24133
24124
24117
24111
24110
24105
24080
24077
24062
24039
24036
24027
24006
23991
23986
23985
23959
23918
23914
23889
23865
23857
23853
23816
23800
23777
23774
23769
23758
23757
23737
23720
23719
23703
23700
23692
23692
23687
23686
23680
23677
23673
23666
23656
23650
23649
23642
23642
23642
23614
23613
23605
23603
23602
23592
23588
23587
23563
23534
23532
23529
23528
23523
23514
23490
23483
23471
23470
23465
23464
23436
23430
23416
23413
23393
23387
23382
23382
23359
23354
23351
23349
23344
23339
23324
23322
23313
23311
23289
23288
23282
23268
23252
23245
23243
23196
23188
23176
23164
23152
23135
23132
23115
23112
23107
23105
23098
23096
23086
23079
23077
23072
23055
23016
22976
22951
22940
22937
22935
22926
22898
22892
22891
22874
22869
22855
22853
22851
22850
22830
22822
22821
22807
22796
22795
22758
22758
22745
22733
22731
22715
22689
22677
22669
22666
22652
22646
22638
22619
22617
22613
22611
22610
22606
22582
22534
22527
22514
22508
22502
22481
22473
22460
22459
22435
22430
22417
22416
22410
22408
22399
22397
22394
22391
22385
22377
22362
22358
22346
22323
22315
22311
22307
22295
22294
22273
22272
22258
22251
22241
22239
22222
22208
22205
22198
22181
22176
22167
22141
22123
22115
22094
22092
22078
22067
22067
22061
22060
22050
22020
22005
22004
21998
21977
21970
21969
21965
21953
21937
21933
21917
21905
21841
21835
21831
21811
21811
21808
21807
21805
21796
21796
21795
21780
21780
21780
21768
21746
21744
21731
21721
21720
21709
21707
21691
21688
21688
21668
21668
21650
21633
21620
21615
21594
21587
21569
21557
21555
21544
21504
21501
21483
21462
21427
21426
21425
21423
21421
21414
21401
21388
21385
21375
21372
21366
21358
21355
21354
21347
21342
21333
21320
21317
21316
21300
21298
21287
21276
21275
21265
21262
21252
21243
21242
21240
21217
21204
21204
21196
21180
21163
21151
21150
21144
21142
21123
21120
21119
21093
21090
21085
21076
21052
21039
21004
21004
20997
20963
20952
20944
20935
20925
20921
20918
20900
20862
20854
20850
20847
20846
20843
20838
20834
20828
20827
20803
20763
20761
20757
20756
20749
20743
20726
20718
20716
20712
20692
20689
20672
20657
20641
20636
20634
20612
20600
20574
20567
20567
20561
20551
20545
20529
20523
20519
20518
20518
20515
20506
20505
20504
20499
20488
20482
20460
20452
20435
20431
20425
20408
20397
20392
20380
20369
20360
20349
20349
20328
20324
20318
20318
20311
20309
20296
20276
20272
20269
20256
20249
20234
20221
20179
20166
20160
20154
20153
20152
20147
20119
20114
20099
20099
20083
20079
20066
20065
20044
20040
20036
20029
20015
20011
20007
20004
20002
19996
19983
19966
19957
19919
19872
19869
19836
19833
19832
19810
19786
19782
19763
19752
19751
19742
19741
19739
19734
19715
19675
19672
19660
19647
19631
19586
19585
19580
19576
19555
19543
19542
19541
19502
19502
19498
19479
19472
19443
19440
19393
19390
19379
19352
19330
19319
19318
19309
19307
19303
19301
19298
19284
19281
19269
19265
19254
19250
19249
19248
19247
19244
19244
19237
19221
19211
19198
19151
19151
19139
19126
19119
19102
19098
19096
19094
19080
19075
19060
19030
19027
19024
19023
19023
19022
18995
18992
18992
18975
18973
18963
18958
18956
18955
18887
18878
18875
18870
18854
18838
18830
18830
18826
18826
18824
18804
18804
18801
18792
18790
18777
18776
18774
18758
18743
18737
18730
18730
18698
18698
18694
18681
18679
18671
18669
18666
18663
18662
18651
18638
18638
18620
18617
18612
18612
18584
18572
18567
18560
18557
18538
18532
18526
18518
18515
18506
18453
18447
18446
18439
18435
18416
18411
18402
18385
18364
18356
18347
18346
18327
18326
18313
18307
18254
18251
18245
18244
18240
18237
18203
18190
18164
18152
18131
18122
18115
18113
18101
18092
18086
18078
18063
18056
18047
18042
18036
18036
18029
18025
18002
18000
17993
17969
17963
17961
17938
17934
17912
17911
17910
17904
17894
17892
17866
17863
17853
17830
17822
17803
17800
17799
17798
17796
17787
17780
17779
17765
17761
17747
17747
17734
17728
17711
17708
17706
17705
17698
17696
17673
17657
17652
17640
17623
17617
17616
17605
17604
17601
17586
17577
17563
17547
17545
17509
17509
17506
17472
17472
17453
17432
17415
17400
17399
17388
17378
17377
17373
17361
17357
17345
17339
17329
17323
17317
17315
17274
17259
17252
17245
17243
17230
17230
17225
17218
17217
17217
17214
17206
17198
17193
17183
17171
17171
17164
17152
17151
17138
17136
17134
17130
17128
17120
17108
17092
17092
17091
17085
17071
17036
17036
17025
17019
17000
16990
16989
16967
16891
16887
16883
16882
16880
16866
16866
16831
16784
16783
16753
16750
16739
16693
16690
16685
16678
16676
16661
16658
16653
16642
16631
16621
16605
16575
16561
16537
16525
16517
16511
16508
16495
16481
16444
16430
16417
16409
16404
16395
16395
16390
16383
16372
16371
16366
16330
16329
16319
16303
16299
16289
16279
16265
16249
16229
16222
16218
16212
16209
16199
16189
16183
16183
16163
16160
16152
16152
16149
16130
16129
16127
16097
16094
16081
16079
16072
16071
16067
16067
16060
16056
16042
16019
15976
15969
15937
15902
15893
15890
15886
15881
15861
15855
15850
15842
15841
15826
15821
15816
15810
15808
15805
15803
15799
15795
15791
15749
15748
15741
15727
15705
15700
15687
15683
15681
15677
15654
15652
15652
15639
15638
15576
15575
15565
15559
15556
15549
15540
15538
15515
15514
15513
15494
15478
15469
15462
15457
15435
15405
15392
15364
15363
15350
15340
15336
15333
15322
15311
15307
15304
15282
15268
15264
15260
15251
15247
15224
15217
15217
15214
15201
15198
15193
15172
15171
15171
15166
15165
15156
15129
15124
15117
15116
15101
15094
15083
15081
15074
15054
15042
15021
15002
14985
14980
14975
14935
14891
14866
14854
14851
14842
14841
14841
14831
14810
14808
14804
14781
14767
14758
14757
14751
14743
14740
14732
14726
14723
14712
14704
14697
14692
14685
14663
14659
14647
14645
14642
14622
14573
14572
14564
14564
14561
14557
14554
14551
14541
14536
14492
14487
14485
14477
14469
14467
14448
14444
14438
14429
14420
14398
14397
14395
14389
14378
14376
14370
14370
14365
14358
14350
14347
14338
14332
14329
14316
14310
14302
14297
14287
14280
14266
14264
14236
14224
14220
14220
14197
14190
14183
14175
14151
14150
14128
14112
14107
14095
14091
14091
14083
14070
14064
14056
14043
14015
14014
14009
13993
13993
13991
13982
13980
13973
13968
13963
13960
13954
13946
13944
13940
13937
13924
13916
13913
13908
13882
13858
13857
13850
13821
13795
13790
13736
13733
13724
13714
13711
13707
13705
13698
13695
13688
13680
13679
13677
13668
13662
13655
13652
13638
13635
13631
13594
13592
13586
13578
13539
13526
13509
13500
13494
13481
13477
13474
13470
13467
13459
13451
13440
13408
13407
13403
13401
13393
13382
13370
13356
13345
13338
13333
13304
13304
13300
13298
13292
13274
13269
13267
13260
13258
13255
13249
13241
13235
13222
13222
13219
13211
13211
13193
13182
13167
13144
13128
13126
13124
13106
13088
13057
13052
13047
13040
13040
13032
13019
13012
13006
12995
12976
12967
12960
12951
12945
12922
12917
12915
12912
12890
12888
12887
12883
12878
12871
12859
12848
12835
12826
12805
12799
12796
12792
12783
12770
12767
12760
12756
12754
12750
12748
12747
12736
12721
12721
12718
12701
12698
12697
12696
12678
12645
12644
12642
12630
12612
12587
12551
12549
12538
12533
12530
12501
12496
12481
12451
12445
12443
12440
12428
12425
12409
12400
12396
12350
12337
12336
12330
12309
12296
12288
12287
12286
12281
12256
12255
12240
12229
12218
12215
12214
12213
12207
12197
12191
12151
12149
12146
12133
12122
12114
12101
12098
12094
12089
12072
12049
12044
12044
12041
12040
12032
12011
12007
11997
11977
11969
11967
11960
11957
11945
11943
11938
11932
11910
11907
11904
11882
11869
11865
11854
11850
11848
11848
11845
11826
11820
11813
11795
11791
11788
11770
11736
11735
11733
11724
11717
11705
11689
11678
11659
11656
11643
11632
11618
11618
11616
11604
11600
11588
11581
11574
11565
11565
11548
11546
11545
11543
11529
11526
11518
11514
11500
11495
11495
11491
11486
11477
11467
11467
11460
11457
11455
11453
11447
11444
11439
11435
11433
11433
11411
11395
11392
11385
11370
11363
11347
11344
11342
11338
11337
11329
11323
11315
11314
11313
11313
11289
11275
11263
11257
11245
11233
11225
11220
11213
11201
11200
11199
11184
11180
11165
11160
11159
11153
11139
11135
11123
11104
11100
11093
11081
11081
11064
11036
11031
11029
11027
11021
11017
11017
11015
11008
11001
10975
10972
10966
10956
10940
10905
10901
10873
10788
10766
10759
10748
10747
10746
10736
10735
10729
10719
10706
10695
10691
10684
10645
10641
10639
10636
10636
10629
10627
10623
10601
10589
10576
10571
10553
10540
10540
10537
10516
10514
10513
10503
10502
10489
10479
10458
10442
10441
10428
10406
10396
10395
10395
10390
10384
10381
10377
10375
10364
10360
10322
10314
10294
10293
10292
10280
10232
10220
10197
10195
10189
10171
10153
10144
10142
10129
10127
10121
10118
10117
10115
10105
10093
10079
10057
10052
10049
10047
10023
10012
10010
9997
9994
9988
9987
9980
9974
9964
9961
9939
9935
9935
9909
9908
9884
9867
9853
9848
9842
9830
9815
9813
9798
9783
9780
9773
9765
9761
9747
9742
9738
9737
9730
9719
9717
9708
9703
9669
9666
9662
9641
9632
9628
9617
9600
9599
9599
9595
9579
9576
9566
9564
9560
9559
9540
9532
9529
9522
9515
9510
9475
9443
9437
9430
9381
9341
9338
9323
9311
9301
9295
9267
9253
9228
9224
9223
9208
9183
9156
9145
9125
9125
9104
9078
9078
9075
9068
9064
9063
9062
9048
9035
9017
8994
8989
8963
8932
8918
8900
8899
8879
8876
8862
8861
8858
8850
8849
8847
8818
8812
8802
8799
8797
8784
8782
8773
8766
8763
8757
8751
8741
8739
8732
8722
8698
8692
8682
8664
8650
8641
8624
8613
8609
8607
8600
8595
8593
8581
8580
8579
8579
8572
8542
8536
8536
8530
8496
8488
8476
8454
8451
8435
8425
8420
8419
8412
8410
8408
8407
8406
8380
8377
8355
8351
8349
8282
8279
8275
8265
8248
8246
8245
8222
8207
8191
8186
8170
8146
8144
8134
8111
8106
8092
8088
8085
8070
8068
8067
8055
8055
8054
8052
8039
8037
8029
8022
8021
8011
7994
7979
7940
7920
7902
7886
7870
7865
7861
7858
7845
7820
7819
7799
7769
7769
7752
7745
7732
7731
7721
7713
7697
7689
7677
7668
7657
7644
7640
7637
7611
7607
7583
7553
7539
7537
7529
7527
7520
7511
7499
7499
7498
7488
7473
7467
7466
7466
7461
7455
7449
7448
7448
7433
7418
7416
7407
7402
7401
7398
7397
7395
7393
7374
7367
7351
7346
7336
7266
7265
7263
7257
7253
7251
7240
7237
7234
7221
7196
7180
7175
7147
7134
7128
7121
7109
7105
7101
7100
7096
7068
7060
7052
7050
7048
7046
7035
7034
7029
7000
6991
6981
6979
6967
6964
6957
6925
6925
6896
6872
6869
6868
6864
6864
6854
6847
6845
6833
6829
6828
6822
6819
6806
6799
6761
6760
6752
6734
6726
6725
6718
6709
6709
6709
6706
6694
6692
6690
6688
6670
6664
6637
6611
6610
6585
6583
6564
6560
6554
6553
6551
6550
6548
6547
6545
6528
6523
6522
6506
6498
6494
6474
6449
6448
6440
6438
6398
6397
6396
6394
6365
6364
6351
6335
6335
6321
6258
6256
6252
6216
6200
6196
6190
6186
6183
6182
6178
6169
6162
6157
6143
6128
6128
6111
6088
6065
6062
6059
6050
6042
6041
6033
6029
6012
6008
5990
5985
5984
5966
5960
5957
5916
5914
5907
5907
5894
5876
5874
5866
5852
5848
5833
5829
5800
5790
5790
5790
5776
5766
5751
5748
5712
5694
5676
5640
5632
5628
5607
5585
5584
5581
5575
5557
5548
5533
5523
5520
5519
5518
5515
5499
5498
5487
5487
5476
5473
5460
5458
5452
5449
5444
5440
5417
5417
5409
5406
5392
5363
5363
5362
5360
5360
5358
5333
5333
5331
5325
5322
5314
5311
5308
5307
5301
5280
5278
5276
5267
5245
5242
5242
5237
5231
5229
5214
5200
5173
5163
5152
5146
5122
5112
5111
5109
5104
5098
5086
5083
5081
5071
5055
5052
5050
5041
5013
5004
4987
4977
4970
4961
4953
4952
4942
4939
4937
4934
4933
4924
4921
4910
4906
4879
4877
4853
4850
4849
4846
4836
4831
4820
4814
4812
4800
4796
4769
4767
4759
4752
4750
4736
4733
4726
4724
4721
4719
4717
4706
4686
4674
4662
4642
4615
4611
4597
4594
4573
4567
4566
4563
4555
4554
4533
4527
4526
4523
4522
4517
4509
4508
4504
4504
4496
4493
4471
4461
4448
4444
4430
4410
4408
4386
4380
4368
4363
4342
4326
4308
4296
4288
4287
4282
4254
4251
4242
4232
4230
4226
4180
4134
4128
4119
4097
4095
4064
4037
4037
4033
4028
4028
4010
3997
3994
3992
3981
3978
3955
3955
3948
3934
3925
3924
3921
3916
3907
3897
3885
3878
3874
3872
3849
3847
3839
3839
3836
3829
3817
3814
3812
3808
3805
3800
3779
3772
3751
3735
3717
3716
3708
3701
3699
3669
3649
3635
3629
3628
3603
3595
3589
3586
3584
3570
3566
3563
3558
3541
3537
3533
3530
3515
3513
3506
3499
3497
3488
3488
3483
3480
3475
3472
3452
3437
3436
3424
3419
3416
3414
3407
3399
3390
3387
3384
3365
3355
3349
3346
3346
3330
3326
3307
3299
3290
3287
3280
3278
3275
3264
3263
3255
3234
3217
3210
3205
3202
3192
3159
3144
3119
3114
3109
3108
3106
3081
3080
3074
3069
3065
3061
3056
3053
3025
3014
2998
2983
2976
2972
2965
2960
2956
2949
2948
2932
2925
2923
2905
2903
2899
2893
2891
2873
2851
2847
2838
2831
2827
2823
2813
2800
2794
2779
2770
2758
2727
2727
2710
2709
2700
2697
2659
2652
2650
2647
2640
2626
2623
2604
2603
2560
2560
2555
2554
2552
2551
2521
2516
2514
2512
2510
2508
2506
2502
2484
2483
2472
2470
2463
2460
2459
2439
2430
2420
2409
2407
2391
2384
2382
2374
2341
2335
2324
2315
2304
2299
2292
2285
2281
2277
2275
2275
2267
2261
2257
2254
2199
2199
2190
2188
2184
2170
2158
2151
2140
2138
2126
2125
2113
2108
2099
2080
2056
2053
2045
2045
2035
2021
2014
1989
1985
1970
1952
1923
1917
1916
1910
1905
1879
1874
1873
1841
1835
1834
1812
1797
1784
1780
1772
1762
1759
1733
1713
1699
1693
1692
1689
1689
1655
1631
1628
1627
1617
1612
1609
1607
1595
1583
1576
1575
1565
1549
1539
1521
1515
1504
1491
1453
1449
1436
1431
1418
1415
1402
1402
1373
1362
1359
1347
1332
1323
1316
1315
1305
1296
1291
1287
1279
1265
1265
1258
1228
1208
1204
1201
1190
1174
1172
1158
1147
1145
1136
1133
1128
1122
1107
1093
1076
1068
1057
1055
1046
1045
1027
1022
1017
1000
999
949
948
935
931
928
914
893
892
883
877
869
861
861
860
858
836
813
811
805
800
743
743
738
728
723
678
670
640
636
632
628
603
599
597
597
585
583
578
572
565
565
565
562
558
553
552
544
540
516
505
503
490
475
454
446
432
420
399
397
394
394
367
347
323
306
301
300
299
298
291
286
226
217
217
211
204
192
189
176
166
165
152
116
101
80
74
68
67
46
40
21
